-1.00635 -0.103961 0.127512 -1.53806 0.251559 -0.294743 -0.349283 
-1.00634 -0.103961 0.127512 -1.53806 0.251559 -0.294743 -0.349283 
-1.00635 -0.103961 0.127512 -1.53806 0.251559 -0.294743 -0.349283 
-1.00635 -0.103961 0.127512 -1.53806 0.251559 -0.294743 -0.349283 
-1.00633 -0.103961 0.127512 -1.53806 0.251559 -0.294743 -0.349283 
-1.00632 -0.103961 0.127512 -1.53806 0.251559 -0.294743 -0.349283 
-1.00635 -0.103961 0.127512 -1.53806 0.251559 -0.294743 -0.349283 
-1.00634 -0.103961 0.127512 -1.53764 0.251559 -0.294743 -0.349283 
-1.00634 -0.103961 0.127512 -1.53764 0.251559 -0.294743 -0.349283 
-1.00633 -0.103961 0.127512 -1.53764 0.251559 -0.294743 -0.349283 
-1.00634 -0.103969 0.127512 -1.53764 0.251559 -0.294743 -0.349283 
-1.00635 -0.103961 0.127512 -1.53764 0.251559 -0.294825 -0.34912 
-1.00634 -0.103961 0.127512 -1.53764 0.251559 -0.294825 -0.34912 
-1.00635 -0.103961 0.127512 -1.53764 0.251559 -0.294825 -0.34912 
-1.00634 -0.103961 0.127512 -1.53764 0.251559 -0.294825 -0.34912 
-1.00634 -0.103961 0.127512 -1.53764 0.251559 -0.294825 -0.34912 
-1.00633 -0.103961 0.127512 -1.53764 0.251559 -0.294825 -0.34912 
-1.00635 -0.103961 0.127512 -1.53764 0.251559 -0.294825 -0.34912 
-1.00635 -0.103961 0.127512 -1.53764 0.251559 -0.294825 -0.34912 
-1.00634 -0.103961 0.127512 -1.53764 0.251559 -0.294907 -0.348957 
-1.00634 -0.103961 0.127512 -1.53764 0.251559 -0.294907 -0.348957 
-1.00634 -0.103961 0.127512 -1.53764 0.251559 -0.294907 -0.348957 
-1.00634 -0.103961 0.127512 -1.53764 0.251559 -0.294907 -0.348957 
-1.00632 -0.103961 0.127512 -1.53764 0.251559 -0.294825 -0.348793 
-1.00635 -0.103961 0.127512 -1.53764 0.251559 -0.294825 -0.348793 
-1.00634 -0.103961 0.127512 -1.53764 0.251559 -0.294825 -0.348793 
-1.00634 -0.103961 0.127512 -1.53764 0.251559 -0.294825 -0.348793 
-1.00633 -0.103961 0.127512 -1.53764 0.251559 -0.294825 -0.348793 
-1.00634 -0.103961 0.127512 -1.53764 0.251559 -0.294825 -0.348793 
-1.00634 -0.103961 0.127512 -1.53764 0.251559 -0.294825 -0.348793 
-1.00632 -0.103961 0.127512 -1.53764 0.251559 -0.294825 -0.348793 
-1.00633 -0.103961 0.127512 -1.53764 0.251559 -0.294825 -0.348793 
-1.00635 -0.103961 0.127512 -1.53764 0.251559 -0.294825 -0.348793 
-1.00635 -0.103961 0.127512 -1.53764 0.251559 -0.294825 -0.348793 
-1.00634 -0.103961 0.127512 -1.53764 0.251559 -0.294825 -0.348793 
-1.00633 -0.103961 0.127512 -1.53764 0.251559 -0.294825 -0.348793 
-1.00635 -0.103961 0.127512 -1.53764 0.251559 -0.294825 -0.348793 
-1.00635 -0.103961 0.127512 -1.53764 0.251559 -0.294825 -0.348793 
-1.00633 -0.103961 0.127512 -1.53764 0.251559 -0.294825 -0.348793 
-1.00634 -0.103961 0.127512 -1.53764 0.251559 -0.294825 -0.348793 
-1.00634 -0.103961 0.127512 -1.53764 0.251559 -0.294825 -0.348793 
-1.00635 -0.103961 0.127512 -1.53764 0.251559 -0.294825 -0.348793 
-1.00634 -0.103961 0.127512 -1.53764 0.251559 -0.294825 -0.348793 
-1.00634 -0.103961 0.127512 -1.53764 0.251422 -0.294714 -0.348793 
-1.00634 -0.103961 0.127512 -1.53764 0.251422 -0.294714 -0.348793 
-1.00634 -0.103961 0.127512 -1.53764 0.251422 -0.294714 -0.348793 
-1.00634 -0.103961 0.127512 -1.53764 0.251422 -0.294714 -0.348793 
-1.00632 -0.103961 0.127512 -1.53764 0.251422 -0.294714 -0.348793 
-1.00634 -0.103961 0.127512 -1.53764 0.251422 -0.294714 -0.348793 
-1.00634 -0.103961 0.127512 -1.53764 0.251422 -0.294714 -0.348793 
-1.00633 -0.103961 0.127512 -1.53764 0.251422 -0.294714 -0.348793 
-1.00634 -0.103961 0.127512 -1.53764 0.251422 -0.294714 -0.348793 
-1.00635 -0.103961 0.127512 -1.53764 0.251422 -0.294714 -0.348793 
-1.00634 -0.103961 0.127512 -1.53764 0.251422 -0.294714 -0.348793 
-1.00632 -0.103961 0.127512 -1.53764 0.251422 -0.294795 -0.348957 
-1.00638 -0.103459 0.127498 -1.53429 0.251696 -0.2951 -0.348793 
-1.00645 -0.102664 0.127495 -1.52946 0.252242 -0.295382 -0.348793 
-1.00653 -0.101853 0.127498 -1.52401 0.254018 -0.296095 -0.348957 
-1.00652 -0.101513 0.12749 -1.5194 0.257161 -0.297188 -0.34961 
-1.00645 -0.101482 0.127456 -1.5152 0.258801 -0.297055 -0.351244 
-1.00631 -0.101513 0.127386 -1.51122 0.259484 -0.297203 -0.351734 
-1.00615 -0.101459 0.127301 -1.5064 0.260304 -0.297709 -0.351734 
-1.00608 -0.101397 0.127224 -1.50241 0.262763 -0.299224 -0.350427 
-1.00593 -0.101382 0.127166 -1.49885 0.265223 -0.300903 -0.3501 
-1.0058 -0.101374 0.127128 -1.49486 0.267545 -0.302797 -0.3501 
-1.00566 -0.10132 0.12709 -1.49151 0.268775 -0.303718 -0.349937 
-1.00553 -0.101235 0.127042 -1.48878 0.269322 -0.304082 -0.349773 
-1.00542 -0.101073 0.126983 -1.48564 0.269458 -0.30403 -0.349447 
-1.00529 -0.100779 0.126905 -1.48228 0.269595 -0.303896 -0.348957 
-1.00516 -0.100308 0.12682 -1.47956 0.269595 -0.303733 -0.34863 
-1.00498 -0.0997366 0.126742 -1.47767 0.269732 -0.303844 -0.34863 
-1.00475 -0.0990956 0.126663 -1.47599 0.269732 -0.303681 -0.34863 
-1.00438 -0.0984006 0.126587 -1.47452 0.269732 -0.303273 -0.34912 
-1.00405 -0.0977441 0.126536 -1.4739 0.270415 -0.303585 -0.348957 
-1.0037 -0.0970414 0.126484 -1.47306 0.271235 -0.304008 -0.348793 
-1.00339 -0.0962228 0.126428 -1.47243 0.271508 -0.303659 -0.34863 
-1.00316 -0.0953269 0.12638 -1.47201 0.271644 -0.303199 -0.348467 
-1.003 -0.0942612 0.126339 -1.47159 0.271508 -0.302516 -0.348303 
-1.00296 -0.0929792 0.126292 -1.47159 0.271508 -0.301699 -0.348303 
-1.00295 -0.0916586 0.126256 -1.47159 0.271508 -0.301291 -0.34814 
-1.00296 -0.0903844 0.126226 -1.47159 0.271508 -0.301046 -0.348303 
-1.00296 -0.0891796 0.126203 -1.47159 0.271508 -0.300964 -0.348467 
-1.00293 -0.0882606 0.126183 -1.47159 0.271508 -0.300882 -0.34863 
-1.00292 -0.0875424 0.126156 -1.47159 0.271508 -0.300719 -0.34863 
-1.00291 -0.0869246 0.126123 -1.47159 0.271508 -0.30031 -0.348793 
-1.00291 -0.0864535 0.126093 -1.47201 0.271508 -0.30031 -0.348793 
-1.00291 -0.0860751 0.126068 -1.4718 0.271508 -0.300229 -0.348957 
-1.00291 -0.0857971 0.12604 -1.4718 0.271508 -0.300065 -0.34863 
-1.0029 -0.0856426 0.126001 -1.4718 0.271508 -0.300065 -0.34863 
-1.00289 -0.085604 0.125977 -1.4718 0.271508 -0.300065 -0.34863 
-1.00288 -0.0855577 0.125936 -1.4718 0.271508 -0.300065 -0.34863 
-1.00288 -0.0855036 0.125902 -1.4718 0.271644 -0.300177 -0.34863 
-1.00288 -0.0853878 0.125881 -1.4718 0.271644 -0.300177 -0.34863 
-1.00289 -0.0852256 0.125863 -1.47222 0.271781 -0.300288 -0.34863 
-1.00289 -0.0849785 0.125841 -1.47222 0.271781 -0.300288 -0.34863 
-1.00289 -0.0846 0.125809 -1.47222 0.271781 -0.300288 -0.34863 
-1.00289 -0.0841367 0.125763 -1.47222 0.271781 -0.300288 -0.34863 
-1.00289 -0.0836038 0.125708 -1.47222 0.271918 -0.3004 -0.34863 
-1.00289 -0.0830632 0.125634 -1.47222 0.272191 -0.300623 -0.34863 
-1.00289 -0.082623 0.125563 -1.47243 0.272874 -0.30118 -0.34863 
-1.00289 -0.0822987 0.125491 -1.47243 0.274104 -0.302182 -0.34863 
-1.00288 -0.0821133 0.125442 -1.47243 0.27506 -0.302962 -0.34863 
-1.00289 -0.081982 0.125416 -1.47243 0.27547 -0.303297 -0.34863 
-1.00292 -0.0818662 0.12541 -1.47243 0.275744 -0.303438 -0.348793 
-1.0029 -0.0817272 0.125411 -1.47243 0.27588 -0.303549 -0.348793 
-1.0029 -0.0815573 0.125412 -1.47243 0.27588 -0.303549 -0.348793 
-1.00291 -0.0813565 0.125411 -1.47243 0.27588 -0.303549 -0.348793 
-1.00292 -0.0811403 0.125412 -1.47243 0.27588 -0.303467 -0.348957 
-1.0029 -0.0808854 0.12541 -1.47243 0.27588 -0.303467 -0.348957 
-1.00289 -0.0805842 0.125408 -1.47243 0.27588 -0.303386 -0.34912 
-1.00289 -0.0801672 0.125408 -1.47201 0.27588 -0.303304 -0.349283 
-1.00289 -0.0796189 0.125411 -1.47222 0.27588 -0.303222 -0.349447 
-1.00286 -0.0789084 0.125412 -1.47222 0.27588 -0.303141 -0.34961 
-1.00279 -0.0781902 0.125416 -1.4718 0.27588 -0.303141 -0.34961 
-1.00272 -0.0774797 0.12542 -1.47117 0.27588 -0.303141 -0.34961 
-1.00258 -0.0768773 0.125426 -1.47012 0.27588 -0.303059 -0.349773 
-1.00237 -0.0764139 0.125432 -1.46928 0.27588 -0.303059 -0.349773 
-1.00218 -0.0761205 0.125437 -1.46844 0.27588 -0.303141 -0.349937 
-1.00199 -0.0759274 0.125435 -1.46781 0.27588 -0.303141 -0.349937 
-1.00182 -0.0757961 0.125435 -1.46739 0.27588 -0.303141 -0.349937 
-1.00169 -0.0756726 0.125437 -1.46719 0.27588 -0.303059 -0.349773 
-1.00157 -0.0755336 0.125437 -1.46698 0.27588 -0.302977 -0.34961 
-1.00148 -0.0753714 0.125437 -1.46677 0.27588 -0.302896 -0.349447 
-1.00137 -0.0751706 0.125437 -1.46635 0.27588 -0.302814 -0.349283 
-1.00125 -0.0749698 0.125435 -1.46614 0.27588 -0.302732 -0.34912 
-1.00106 -0.074769 0.125438 -1.46509 0.27588 -0.302651 -0.348957 
-1.00075 -0.0745528 0.125442 -1.46383 0.27588 -0.302651 -0.348957 
-1.00024 -0.0743211 0.12546 -1.46236 0.27588 -0.302569 -0.348793 
-0.999527 -0.0740971 0.125495 -1.4611 0.27588 -0.302569 -0.348793 
-0.998639 -0.0739041 0.125542 -1.45964 0.27588 -0.302487 -0.34863 
-0.997612 -0.0737573 0.125596 -1.45838 0.27588 -0.302487 -0.34863 
-0.996577 -0.0736569 0.125653 -1.45712 0.27588 -0.302406 -0.348793 
-0.995627 -0.0735488 0.125704 -1.45586 0.27588 -0.302406 -0.348793 
-0.994677 -0.0734098 0.125749 -1.4546 0.27588 -0.302406 -0.348793 
-0.993758 -0.0732399 0.125776 -1.45335 0.27588 -0.302406 -0.348793 
-0.992862 -0.0730314 0.125784 -1.45188 0.27588 -0.302406 -0.348793 
-0.991951 -0.0727765 0.125782 -1.44999 0.276017 -0.302517 -0.348793 
-0.990962 -0.072514 0.125779 -1.4481 0.276017 -0.302517 -0.348793 
-0.989989 -0.0723055 0.125771 -1.44643 0.27588 -0.302406 -0.348793 
-0.989086 -0.0721278 0.12576 -1.44496 0.275744 -0.302376 -0.34863 
-0.988306 -0.0719811 0.125736 -1.4437 0.275607 -0.302264 -0.34863 
-0.987673 -0.0718807 0.125705 -1.44244 0.275607 -0.302183 -0.348793 
-0.987317 -0.071788 0.125684 -1.44202 0.275607 -0.302101 -0.348957 
-0.987171 -0.0717108 0.125673 -1.44181 0.27547 -0.30199 -0.348957 
-0.987132 -0.0716722 0.125669 -1.4416 0.27547 -0.301908 -0.34912 
-0.98714 -0.0716413 0.12567 -1.4416 0.27547 -0.301908 -0.34912 
-0.98714 -0.0716259 0.12567 -1.44139 0.27547 -0.301908 -0.34912 
-0.987147 -0.0716181 0.125666 -1.44139 0.27547 -0.301908 -0.34912 
-0.987132 -0.0716104 0.125664 -1.44139 0.27547 -0.301908 -0.34912 
-0.98714 -0.0716104 0.125658 -1.44139 0.27547 -0.301908 -0.34912 
-0.987147 -0.0716104 0.125649 -1.4416 0.27547 -0.301908 -0.34912 
-0.987147 -0.0716027 0.12564 -1.4416 0.27547 -0.301908 -0.34912 
-0.987155 -0.0716027 0.12563 -1.4416 0.27547 -0.301908 -0.34912 
-0.987155 -0.0716181 0.12562 -1.4416 0.27547 -0.301908 -0.34912 
-0.987163 -0.0716181 0.125612 -1.44181 0.27547 -0.301908 -0.34912 
-0.987163 -0.0716104 0.125604 -1.44202 0.27547 -0.301908 -0.34912 
-0.987155 -0.0716104 0.125596 -1.44244 0.27547 -0.301908 -0.34912 
-0.987147 -0.0716104 0.12559 -1.44265 0.27547 -0.301908 -0.34912 
-0.987155 -0.0716181 0.125582 -1.44307 0.27547 -0.301908 -0.34912 
-0.987163 -0.0716181 0.125574 -1.44328 0.27547 -0.301908 -0.34912 
-0.987163 -0.0716259 0.125566 -1.4437 0.27547 -0.301908 -0.34912 
-0.987171 -0.0716259 0.125559 -1.44412 0.27547 -0.301908 -0.34912 
-0.987178 -0.0716336 0.125552 -1.44454 0.27547 -0.301908 -0.34912 
-0.987194 -0.0716336 0.125548 -1.44496 0.27547 -0.301908 -0.34912 
-0.987194 -0.0716413 0.125543 -1.44517 0.27547 -0.301908 -0.34912 
-0.987178 -0.071649 0.12554 -1.44559 0.27547 -0.301908 -0.34912 
-0.987186 -0.071649 0.125538 -1.4458 0.27547 -0.301908 -0.34912 
-0.987186 -0.071649 0.125534 -1.44601 0.27547 -0.301908 -0.34912 
-0.987178 -0.0716722 0.125531 -1.44622 0.27547 -0.301908 -0.34912 
-0.987186 -0.0716722 0.125526 -1.44643 0.27547 -0.301908 -0.34912 
-0.987186 -0.0716876 0.125521 -1.44643 0.275334 -0.301797 -0.34912 
-0.987194 -0.0716954 0.125518 -1.44643 0.275334 -0.301797 -0.34912 
-0.987186 -0.0717108 0.125516 -1.44685 0.275334 -0.301797 -0.34912 
-0.987178 -0.0717108 0.125512 -1.44685 0.275334 -0.301797 -0.34912 
-0.987194 -0.0717262 0.125509 -1.44685 0.275334 -0.301797 -0.34912 
-0.987178 -0.0717494 0.1255 -1.44685 0.275334 -0.301797 -0.34912 
-0.987186 -0.0717803 0.125486 -1.44685 0.275334 -0.301797 -0.34912 
-0.987186 -0.0718189 0.125465 -1.44685 0.275334 -0.301797 -0.34912 
-0.987201 -0.0718498 0.125441 -1.44705 0.275334 -0.301797 -0.34912 
-0.987225 -0.071873 0.125413 -1.44726 0.275334 -0.301797 -0.34912 
-0.987232 -0.0719193 0.125388 -1.44747 0.275334 -0.301797 -0.34912 
-0.987286 -0.0719811 0.125364 -1.44789 0.275334 -0.301797 -0.34912 
-0.98741 -0.0720583 0.125341 -1.44831 0.275334 -0.301797 -0.34912 
-0.987526 -0.0721664 0.125319 -1.44978 0.275334 -0.301797 -0.34912 
-0.987634 -0.0722977 0.125299 -1.45062 0.275334 -0.301797 -0.34912 
-0.987719 -0.072429 0.125283 -1.45104 0.275334 -0.301797 -0.34912 
-0.987727 -0.0725603 0.125268 -1.45146 0.275334 -0.301797 -0.34912 
-0.987734 -0.0726916 0.125251 -1.45146 0.275334 -0.301797 -0.34912 
-0.987734 -0.0728074 0.125236 -1.45146 0.275334 -0.301797 -0.34912 
-0.987727 -0.0729078 0.125225 -1.45146 0.275334 -0.301797 -0.34912 
-0.987734 -0.0730082 0.125219 -1.45146 0.275334 -0.301797 -0.34912 
-0.987734 -0.0731086 0.125222 -1.45146 0.27547 -0.301908 -0.34912 
-0.987727 -0.0732013 0.125223 -1.45146 0.27547 -0.301908 -0.34912 
-0.987727 -0.0733094 0.125222 -1.45146 0.27547 -0.301908 -0.34912 
-0.987727 -0.073433 0.125224 -1.45146 0.27547 -0.301908 -0.34912 
-0.987734 -0.0735874 0.125224 -1.45146 0.27547 -0.301908 -0.34912 
-0.98775 -0.0737419 0.125223 -1.45146 0.27547 -0.301908 -0.34912 
-0.98775 -0.0739041 0.125222 -1.45146 0.27547 -0.301908 -0.34912 
-0.987758 -0.0740431 0.125222 -1.45146 0.27547 -0.301908 -0.34912 
-0.987773 -0.0741744 0.125222 -1.45146 0.27547 -0.301908 -0.34912 
-0.987788 -0.074267 0.125222 -1.45146 0.27547 -0.301908 -0.34912 
-0.987804 -0.0743288 0.125225 -1.45167 0.27547 -0.301908 -0.34912 
-0.987835 -0.0743751 0.125228 -1.45188 0.275607 -0.302019 -0.34912 
-0.987889 -0.0744292 0.125232 -1.4523 0.275607 -0.302019 -0.34912 
-0.988012 -0.0744987 0.12524 -1.45272 0.275744 -0.302131 -0.34912 
-0.988151 -0.0746145 0.125253 -1.45314 0.27588 -0.302242 -0.34912 
-0.988314 -0.0747458 0.125266 -1.45376 0.27588 -0.302161 -0.349283 
-0.988437 -0.0748926 0.125277 -1.45397 0.27588 -0.302161 -0.349283 
-0.988491 -0.0750007 0.125284 -1.45439 0.27588 -0.302161 -0.349283 
-0.988491 -0.0751088 0.125288 -1.4546 0.27588 -0.302161 -0.349283 
-0.988499 -0.0752015 0.125294 -1.45481 0.27588 -0.302161 -0.349283 
-0.988507 -0.0753019 0.125302 -1.45502 0.27588 -0.302161 -0.349283 
-0.98853 -0.0754254 0.125316 -1.45523 0.276017 -0.302435 -0.34961 
-0.988553 -0.0756108 0.125338 -1.45565 0.276017 -0.302435 -0.34961 
-0.988622 -0.0758425 0.125363 -1.45607 0.276017 -0.302435 -0.34961 
-0.988754 -0.0761128 0.125394 -1.45649 0.276017 -0.302435 -0.34961 
-0.988924 -0.0764294 0.125432 -1.45691 0.276017 -0.302435 -0.34961 
-0.98907 -0.0767229 0.125473 -1.45754 0.276017 -0.302435 -0.34961 
-0.989209 -0.0769545 0.125518 -1.45796 0.276017 -0.302435 -0.34961 
-0.989318 -0.0771553 0.12556 -1.45838 0.276017 -0.302435 -0.34961 
-0.989387 -0.0773098 0.125591 -1.4588 0.276017 -0.302435 -0.34961 
-0.989449 -0.0774411 0.125613 -1.45922 0.276017 -0.302354 -0.349447 
-0.989518 -0.0775337 0.125626 -1.45943 0.276153 -0.302383 -0.349283 
-0.989557 -0.0776032 0.125634 -1.45943 0.276153 -0.302383 -0.349283 
-0.98958 -0.0776573 0.125639 -1.45943 0.276153 -0.302383 -0.349283 
-0.989603 -0.0776882 0.125642 -1.45943 0.276153 -0.302383 -0.349283 
-0.989634 -0.0777345 0.125648 -1.45943 0.276153 -0.302302 -0.34912 
-0.98965 -0.0777577 0.125652 -1.45985 0.276153 -0.302302 -0.34912 
-0.989696 -0.077804 0.125666 -1.45964 0.276153 -0.302302 -0.34912 
-0.989781 -0.0778504 0.125684 -1.46006 0.276153 -0.302302 -0.34912 
-0.989889 -0.0779122 0.125706 -1.46027 0.276153 -0.302302 -0.34912 
-0.990013 -0.0779739 0.12573 -1.46047 0.276153 -0.30222 -0.348957 
-0.990105 -0.0780203 0.125743 -1.46068 0.276153 -0.30222 -0.348957 
-0.990182 -0.0780589 0.12575 -1.46089 0.276153 -0.30222 -0.348957 
-0.990213 -0.0780975 0.125756 -1.46089 0.276153 -0.30222 -0.348957 
-0.990229 -0.0781361 0.125761 -1.46089 0.276153 -0.30222 -0.348957 
-0.990229 -0.078167 0.125762 -1.46089 0.276153 -0.302302 -0.34912 
-0.990244 -0.0782056 0.12577 -1.46089 0.276153 -0.302302 -0.34912 
-0.99026 -0.0782288 0.125782 -1.46089 0.276153 -0.302302 -0.34912 
-0.990291 -0.078252 0.125804 -1.4611 0.276153 -0.302302 -0.34912 
-0.990329 -0.0782751 0.125831 -1.46131 0.276153 -0.302302 -0.34912 
-0.990383 -0.0782906 0.125859 -1.46131 0.276153 -0.302302 -0.34912 
-0.990414 -0.078306 0.12588 -1.46173 0.276153 -0.30222 -0.348957 
-0.990437 -0.0783215 0.125896 -1.46173 0.276153 -0.30222 -0.348957 
-0.990445 -0.0783446 0.125903 -1.46173 0.276153 -0.30222 -0.348957 
-0.990453 -0.0783601 0.125909 -1.46173 0.276153 -0.30222 -0.348957 
-0.99046 -0.0783755 0.125911 -1.46173 0.276153 -0.30222 -0.348957 
-0.990468 -0.0783987 0.125913 -1.46173 0.276153 -0.30222 -0.348957 
-0.990476 -0.0784141 0.125918 -1.46173 0.276153 -0.30222 -0.348957 
-0.990499 -0.0784296 0.125931 -1.46173 0.276153 -0.30222 -0.348957 
-0.99053 -0.078445 0.125949 -1.46173 0.276153 -0.30222 -0.348957 
-0.990569 -0.0784682 0.125966 -1.46194 0.276153 -0.30222 -0.348957 
-0.990623 -0.0784914 0.125983 -1.46194 0.276153 -0.30222 -0.348957 
-0.990661 -0.0785068 0.125994 -1.46215 0.276153 -0.30222 -0.348957 
-0.990684 -0.0785223 0.126002 -1.46215 0.276153 -0.30222 -0.348957 
-0.990692 -0.0785377 0.12601 -1.46215 0.276153 -0.30222 -0.348957 
-0.990684 -0.0785531 0.126016 -1.46215 0.276153 -0.302138 -0.348793 
-0.990684 -0.0785454 0.126023 -1.46257 0.276153 -0.302138 -0.348793 
-0.990708 -0.0785454 0.126032 -1.46257 0.276153 -0.302138 -0.348793 
-0.990708 -0.0785454 0.126043 -1.46257 0.276153 -0.302138 -0.348793 
-0.990723 -0.0785454 0.126059 -1.46257 0.276153 -0.302138 -0.348793 
-0.990762 -0.0785454 0.126076 -1.46257 0.276153 -0.30222 -0.34863 
-0.9908 -0.0785531 0.126095 -1.46257 0.276153 -0.30222 -0.34863 
-0.990847 -0.0785377 0.126112 -1.46257 0.276153 -0.30222 -0.34863 
-0.990924 -0.0785377 0.126124 -1.46278 0.276153 -0.30222 -0.34863 
-0.990962 -0.0785377 0.126133 -1.46278 0.276153 -0.30222 -0.34863 
-0.991009 -0.0785454 0.126138 -1.46278 0.276153 -0.30222 -0.34863 
-0.99104 -0.07853 0.126143 -1.46278 0.276153 -0.30222 -0.34863 
-0.991055 -0.0785377 0.126152 -1.46278 0.276153 -0.30222 -0.34863 
-0.991094 -0.0785377 0.126169 -1.46299 0.276153 -0.30222 -0.34863 
-0.991171 -0.0785377 0.126193 -1.4632 0.276153 -0.30222 -0.34863 
-0.991271 -0.07853 0.126215 -1.46341 0.276153 -0.30222 -0.34863 
-0.991372 -0.0785377 0.12623 -1.46362 0.276153 -0.30222 -0.34863 
-0.99148 -0.0785377 0.12624 -1.46383 0.276153 -0.30222 -0.34863 
-0.991565 -0.0785377 0.126246 -1.46404 0.276153 -0.30222 -0.34863 
-0.991642 -0.07853 0.126247 -1.46404 0.276153 -0.30222 -0.34863 
-0.991673 -0.0785377 0.12625 -1.46425 0.276153 -0.30222 -0.34863 
-0.991727 -0.0785223 0.126251 -1.46425 0.276153 -0.30222 -0.34863 
-0.991789 -0.0785223 0.126252 -1.46425 0.276153 -0.30222 -0.34863 
-0.991835 -0.0785223 0.126251 -1.46446 0.276153 -0.30222 -0.34863 
-0.991912 -0.07853 0.126251 -1.46446 0.276153 -0.302138 -0.348793 
-0.992005 -0.0785223 0.126253 -1.46446 0.276153 -0.302138 -0.348793 
-0.992098 -0.07853 0.126256 -1.46467 0.276153 -0.302138 -0.348793 
-0.992167 -0.0785223 0.126259 -1.46488 0.276153 -0.302138 -0.348793 
-0.992237 -0.0785223 0.126263 -1.46488 0.276153 -0.302138 -0.348793 
-0.992322 -0.0785223 0.12627 -1.46509 0.276153 -0.302138 -0.348793 
-0.992391 -0.0785223 0.126277 -1.4653 0.276153 -0.302138 -0.348793 
-0.992468 -0.0785377 0.126282 -1.46551 0.276153 -0.302138 -0.348793 
-0.992553 -0.0785223 0.126287 -1.46572 0.276153 -0.302138 -0.348793 
-0.992638 -0.07853 0.126292 -1.46593 0.276153 -0.302138 -0.348793 
-0.992716 -0.0785377 0.126296 -1.46593 0.276153 -0.302138 -0.348793 
-0.992816 -0.0785223 0.126312 -1.46614 0.276153 -0.302057 -0.348957 
-0.992932 -0.0785223 0.126326 -1.46635 0.276153 -0.302057 -0.348957 
-0.993063 -0.0785223 0.126334 -1.46635 0.276153 -0.301975 -0.348793 
-0.99321 -0.07853 0.126339 -1.46656 0.276153 -0.301975 -0.348793 
-0.993333 -0.0785377 0.12634 -1.46677 0.276153 -0.301975 -0.348793 
-0.993449 -0.0785377 0.12634 -1.46677 0.276153 -0.301975 -0.348793 
-0.993519 -0.07853 0.126339 -1.46698 0.276153 -0.301975 -0.348793 
-0.99358 -0.0785223 0.126338 -1.46698 0.276153 -0.301975 -0.348793 
-0.993658 -0.07853 0.126336 -1.46698 0.276153 -0.301893 -0.348957 
-0.993735 -0.0785377 0.126333 -1.46698 0.276153 -0.301893 -0.348957 
-0.993812 -0.0785145 0.126331 -1.46698 0.276153 -0.301812 -0.34912 
-0.993928 -0.0785068 0.126329 -1.46698 0.276153 -0.301812 -0.34912 
-0.994067 -0.0785145 0.126325 -1.46719 0.276153 -0.301812 -0.349447 
-0.994214 -0.0784759 0.12632 -1.46719 0.276153 -0.301812 -0.349447 
-0.994368 -0.078445 0.126314 -1.46719 0.276153 -0.30173 -0.34961 
-0.99453 -0.0784064 0.126305 -1.46719 0.276017 -0.301537 -0.349773 
-0.994662 -0.0783601 0.126296 -1.46719 0.276017 -0.301537 -0.349773 
-0.994762 -0.0783446 0.12629 -1.46719 0.276017 -0.301537 -0.349773 
-0.994839 -0.0783292 0.126285 -1.46719 0.276017 -0.301537 -0.349773 
-0.994916 -0.0783292 0.126281 -1.46719 0.276017 -0.301537 -0.349773 
-0.994978 -0.0783292 0.126275 -1.46719 0.276017 -0.301455 -0.34961 
-0.99504 -0.078306 0.126268 -1.46719 0.276017 -0.301455 -0.34961 
-0.995125 -0.0782983 0.126256 -1.46719 0.27588 -0.301262 -0.349447 
-0.99521 -0.0782828 0.126243 -1.46719 0.27588 -0.30118 -0.349283 
-0.995318 -0.0782365 0.126229 -1.46719 0.27588 -0.301017 -0.349283 
-0.995442 -0.0781747 0.126212 -1.46719 0.27588 -0.300935 -0.34912 
-0.99555 -0.0780821 0.126189 -1.46719 0.275744 -0.299517 -0.346833 
-0.99565 -0.0779122 0.126163 -1.46719 0.275607 -0.299242 -0.34716 
-0.995758 -0.077665 0.126137 -1.46739 0.27547 -0.298723 -0.34765 
-0.995828 -0.0773793 0.126117 -1.46739 0.275334 -0.298366 -0.34814 
-0.995866 -0.077109 0.126106 -1.46739 0.275334 -0.298039 -0.348467 
-0.995874 -0.076885 0.126097 -1.46739 0.275334 -0.297876 -0.348793 
-0.995866 -0.0767692 0.126089 -1.46698 0.275334 -0.297713 -0.348793 
-0.995866 -0.0767074 0.126082 -1.46719 0.275197 -0.29752 -0.348957 
-0.995866 -0.0766842 0.126076 -1.46719 0.275197 -0.29752 -0.348957 
-0.995859 -0.0766611 0.126075 -1.46719 0.275197 -0.297438 -0.34912 
-0.995851 -0.0766147 0.126071 -1.46719 0.275197 -0.297356 -0.348957 
-0.995866 -0.0765221 0.126071 -1.46677 0.275197 -0.297275 -0.34912 
-0.995851 -0.0763908 0.126069 -1.46698 0.275197 -0.297111 -0.34912 
-0.995866 -0.0761823 0.126065 -1.46677 0.274924 -0.296807 -0.348957 
-0.995851 -0.0759815 0.12606 -1.46656 0.27506 -0.296836 -0.34912 
-0.995843 -0.0757807 0.12605 -1.46614 0.27506 -0.296673 -0.34912 
-0.995851 -0.0756108 0.126037 -1.46593 0.274924 -0.296235 -0.34912 
-0.995866 -0.0754409 0.126021 -1.46551 0.274924 -0.295582 -0.34912 
-0.995859 -0.0752941 0.126001 -1.46488 0.27465 -0.29495 -0.348957 
-0.995874 -0.0751783 0.12598 -1.46467 0.27465 -0.294869 -0.34912 
-0.995928 -0.0750779 0.125957 -1.46446 0.27465 -0.294787 -0.349283 
-0.995982 -0.0749852 0.125935 -1.46425 0.274787 -0.294817 -0.34912 
-0.996005 -0.0749312 0.125922 -1.46425 0.27465 -0.294705 -0.34912 
-0.995998 -0.0748617 0.125915 -1.46383 0.27465 -0.294624 -0.349283 
-0.996013 -0.0748153 0.12591 -1.46383 0.274514 -0.294512 -0.349283 
-0.99599 -0.074769 0.125905 -1.46383 0.274514 -0.29443 -0.34912 
-0.995998 -0.0747227 0.1259 -1.46383 0.274377 -0.294319 -0.34912 
-0.996005 -0.0746995 0.125898 -1.46383 0.274377 -0.294319 -0.34912 
-0.995998 -0.0746841 0.125898 -1.46383 0.274377 -0.294237 -0.349283 
-0.996005 -0.0746763 0.125896 -1.46383 0.274377 -0.294237 -0.349283 
-0.996005 -0.0746609 0.125894 -1.46383 0.274377 -0.294237 -0.349283 
-0.996005 -0.0746609 0.125896 -1.46341 0.274377 -0.294156 -0.34912 
-0.995998 -0.0746532 0.125894 -1.46341 0.274377 -0.294156 -0.34912 
-0.996005 -0.0746377 0.125892 -1.46341 0.274377 -0.294156 -0.34912 
-0.996005 -0.0746377 0.125892 -1.46341 0.274377 -0.294156 -0.34912 
-0.996005 -0.0746223 0.125888 -1.46341 0.274377 -0.294156 -0.34912 
-0.996013 -0.0745991 0.125881 -1.46341 0.274377 -0.294074 -0.348957 
-0.996021 -0.0745682 0.125866 -1.46341 0.274104 -0.293851 -0.348957 
-0.996067 -0.0745142 0.12584 -1.46341 0.274104 -0.293851 -0.348957 
-0.996137 -0.0744446 0.125792 -1.46236 0.274104 -0.293851 -0.348957 
-0.996276 -0.0743288 0.125732 -1.46131 0.274104 -0.293851 -0.348957 
-0.996476 -0.074128 0.125671 -1.46027 0.274104 -0.293851 -0.348957 
-0.9967 -0.0738268 0.125622 -1.45922 0.274104 -0.293851 -0.348957 
-0.99694 -0.0734484 0.125592 -1.45838 0.274104 -0.293851 -0.348957 
-0.997102 -0.0730391 0.125582 -1.45796 0.274104 -0.293851 -0.348957 
-0.997249 -0.0725989 0.125582 -1.45775 0.274104 -0.293769 -0.34912 
-0.997303 -0.0721278 0.125582 -1.45754 0.274104 -0.293769 -0.34912 
-0.997341 -0.0716413 0.125582 -1.45733 0.274104 -0.293524 -0.349283 
-0.997349 -0.0711702 0.125579 -1.45691 0.274104 -0.293524 -0.349283 
-0.997349 -0.070954 0.125578 -1.45691 0.274104 -0.293524 -0.349283 
-0.997365 -0.0705678 0.125574 -1.45691 0.274104 -0.293524 -0.349283 
-0.997388 -0.0702898 0.125565 -1.45691 0.274104 -0.293524 -0.349283 
-0.99745 -0.0700659 0.125555 -1.45691 0.274104 -0.293443 -0.349447 
-0.997534 -0.0698651 0.125543 -1.45691 0.274104 -0.293443 -0.349447 
-0.997674 -0.0696025 0.125533 -1.45691 0.274104 -0.293443 -0.349447 
-0.997843 -0.0692936 0.125529 -1.45691 0.274104 -0.293361 -0.349283 
-0.998021 -0.0689074 0.12553 -1.45586 0.274104 -0.293198 -0.348957 
-0.998214 -0.06839 0.125533 -1.45544 0.274104 -0.292789 -0.348793 
-0.998407 -0.0677645 0.125535 -1.45502 0.274104 -0.292218 -0.34863 
-0.998616 -0.0669999 0.125539 -1.45481 0.274104 -0.291646 -0.348467 
-0.998878 -0.0660655 0.12554 -1.4546 0.274104 -0.290911 -0.348303 
-0.999164 -0.065131 0.125538 -1.4546 0.274104 -0.289849 -0.348793 
-0.999512 -0.0641889 0.125537 -1.45335 0.274241 -0.28898 -0.349447 
-0.999944 -0.063293 0.125534 -1.45188 0.274241 -0.288817 -0.349447 
-1.00039 -0.0625748 0.125525 -1.45104 0.274241 -0.288653 -0.349447 
-1.00087 -0.0620033 0.125505 -1.45062 0.274377 -0.288602 -0.349447 
-1.00142 -0.0615245 0.125482 -1.45062 0.274377 -0.28852 -0.349283 
-1.00188 -0.0611847 0.125456 -1.45062 0.274514 -0.288631 -0.349283 
-1.00231 -0.0609067 0.125429 -1.45062 0.274514 -0.288631 -0.349283 
-1.00263 -0.0606827 0.125406 -1.45062 0.274514 -0.288631 -0.349283 
-1.00289 -0.0604819 0.12539 -1.45062 0.274514 -0.288631 -0.349283 
-1.00308 -0.0603429 0.125377 -1.45062 0.274514 -0.288631 -0.349283 
-1.00324 -0.060258 0.125367 -1.45062 0.274787 -0.288854 -0.349283 
-1.00338 -0.0602039 0.125355 -1.45041 0.274787 -0.288772 -0.34912 
-1.00354 -0.0601885 0.12534 -1.45041 0.274787 -0.288772 -0.34912 
-1.00371 -0.0601885 0.125314 -1.45083 0.274787 -0.288772 -0.34912 
-1.00391 -0.0601808 0.125283 -1.45083 0.274787 -0.288772 -0.34912 
-1.00415 -0.0601653 0.125257 -1.45083 0.27506 -0.288995 -0.34912 
-1.0044 -0.0601499 0.125236 -1.45083 0.27506 -0.288995 -0.34912 
-1.0046 -0.0601113 0.125225 -1.45083 0.27506 -0.288995 -0.34912 
-1.00477 -0.060034 0.125223 -1.45083 0.27506 -0.288995 -0.34912 
-1.00492 -0.0598796 0.125223 -1.45083 0.27506 -0.288995 -0.34912 
-1.0051 -0.0595784 0.125224 -1.44978 0.27506 -0.289077 -0.349283 
-1.00541 -0.0590301 0.125224 -1.44873 0.27506 -0.289077 -0.349283 
-1.00594 -0.0581497 0.125228 -1.44852 0.27506 -0.288995 -0.34912 
-1.00666 -0.0570531 0.125232 -1.44705 0.27506 -0.288914 -0.348957 
-1.00756 -0.0558638 0.125242 -1.44454 0.27506 -0.288505 -0.348793 
-1.00866 -0.0545663 0.125266 -1.44265 0.27506 -0.288178 -0.348793 
-1.0098 -0.0533616 0.125311 -1.43993 0.27506 -0.287688 -0.348467 
-1.01091 -0.0522495 0.125371 -1.43762 0.27506 -0.28728 -0.34863 
-1.01199 -0.0512069 0.125446 -1.43489 0.27506 -0.286627 -0.34863 
-1.01295 -0.0502725 0.12552 -1.43342 0.27506 -0.2863 -0.34863 
-1.01384 -0.0493689 0.125603 -1.43154 0.27506 -0.285891 -0.348793 
-1.01474 -0.0484036 0.125688 -1.42986 0.274924 -0.285127 -0.348793 
-1.01557 -0.047446 0.12577 -1.42734 0.274924 -0.284555 -0.34863 
-1.01641 -0.046388 0.125853 -1.42609 0.274924 -0.283983 -0.348793 
-1.01723 -0.0452064 0.125929 -1.42525 0.274924 -0.283411 -0.348957 
-1.01799 -0.0440016 0.126007 -1.42378 0.274924 -0.282676 -0.34912 
-1.01869 -0.0428896 0.12608 -1.42231 0.27506 -0.281808 -0.349447 
-1.01941 -0.0418315 0.126158 -1.42147 0.275197 -0.281184 -0.349283 
-1.02002 -0.0409589 0.126233 -1.42 0.275197 -0.280449 -0.348793 
-1.02059 -0.0401171 0.126305 -1.41896 0.275197 -0.279877 -0.34863 
-1.02117 -0.0392444 0.126379 -1.41854 0.275197 -0.279469 -0.348793 
-1.02181 -0.0384181 0.12645 -1.41854 0.275197 -0.279224 -0.348957 
-1.02256 -0.0375763 0.126527 -1.4177 0.275197 -0.278897 -0.348957 
-1.02341 -0.0368813 0.126601 -1.41623 0.275197 -0.278162 -0.349447 
-1.02452 -0.0361862 0.12665 -1.41497 0.275197 -0.27759 -0.34961 
-1.02572 -0.035553 0.12668 -1.41371 0.275197 -0.276855 -0.349447 
-1.02699 -0.0349583 0.126692 -1.41309 0.275197 -0.276283 -0.349283 
-1.02828 -0.0343791 0.126697 -1.41141 0.275197 -0.275793 -0.348957 
-1.02944 -0.0339853 0.126697 -1.41099 0.275197 -0.275385 -0.348793 
-1.0306 -0.0337458 0.126695 -1.41078 0.275197 -0.275221 -0.348793 
-1.03172 -0.0336763 0.126699 -1.41015 0.275197 -0.274976 -0.348957 
-1.03293 -0.0337072 0.126701 -1.40889 0.275197 -0.274895 -0.348793 
-1.03412 -0.0337304 0.126699 -1.40868 0.275197 -0.274813 -0.34863 
-1.03535 -0.0337613 0.126703 -1.40805 0.275197 -0.274813 -0.34863 
-1.03673 -0.0338926 0.126706 -1.407 0.275197 -0.274813 -0.34863 
-1.03813 -0.0341088 0.126706 -1.40637 0.275197 -0.274813 -0.34863 
-1.03958 -0.0344254 0.126706 -1.40575 0.275197 -0.274813 -0.34863 
-1.04104 -0.034827 0.126707 -1.40449 0.275197 -0.274813 -0.34863 
-1.04257 -0.0353136 0.126708 -1.40302 0.275197 -0.274895 -0.348793 
-1.04398 -0.0358387 0.126714 -1.40239 0.275197 -0.274895 -0.348793 
-1.04531 -0.0364256 0.126732 -1.40092 0.275334 -0.275006 -0.348793 
-1.04653 -0.037113 0.12676 -1.39987 0.27547 -0.275117 -0.348793 
-1.04748 -0.0378698 0.126793 -1.39966 0.275607 -0.275311 -0.348957 
-1.04831 -0.0387038 0.126832 -1.39966 0.275744 -0.275422 -0.349283 
-1.04898 -0.0395765 0.126864 -1.39946 0.27588 -0.275697 -0.34961 
-1.0496 -0.0405882 0.126887 -1.39946 0.276017 -0.27589 -0.349773 
-1.05017 -0.0416385 0.126903 -1.39966 0.27629 -0.276194 -0.349937 
-1.05071 -0.0428046 0.126912 -1.40008 0.27629 -0.276358 -0.349937 
-1.05116 -0.0439553 0.12692 -1.40092 0.27629 -0.276684 -0.350263 
-1.05153 -0.0451523 0.126931 -1.40218 0.276427 -0.277368 -0.3501 
-1.0518 -0.0462953 0.126947 -1.40365 0.276563 -0.278459 -0.350427 
-1.05205 -0.0474383 0.126966 -1.4047 0.276563 -0.278949 -0.35108 
-1.0523 -0.0486662 0.126995 -1.40596 0.2767 -0.279306 -0.350917 
-1.05253 -0.0498786 0.127021 -1.40721 0.276973 -0.279774 -0.350427 
-1.05271 -0.0510679 0.127043 -1.40826 0.277247 -0.280078 -0.350263 
-1.05288 -0.052265 0.12706 -1.40952 0.277247 -0.280078 -0.350263 
-1.05303 -0.0532303 0.127077 -1.41036 0.277247 -0.280241 -0.349937 
-1.05315 -0.0540335 0.127095 -1.4112 0.277247 -0.280323 -0.349773 
-1.05332 -0.054659 0.127112 -1.41162 0.277247 -0.280486 -0.349447 
-1.05349 -0.0551378 0.127125 -1.41204 0.277383 -0.280598 -0.349447 
-1.05362 -0.0554544 0.127134 -1.41225 0.277383 -0.28068 -0.349283 
-1.05371 -0.0557016 0.127141 -1.41246 0.277383 -0.280761 -0.34912 
-1.05379 -0.0559024 0.127148 -1.41246 0.27752 -0.280873 -0.34912 
-1.05385 -0.056134 0.127153 -1.41246 0.27752 -0.280954 -0.348957 
-1.05391 -0.0563812 0.127158 -1.41288 0.27752 -0.280954 -0.348957 
-1.05397 -0.0566592 0.127162 -1.41288 0.277656 -0.281066 -0.348957 
-1.05407 -0.0569913 0.127167 -1.41288 0.277656 -0.281147 -0.348793 
-1.05417 -0.0574006 0.127173 -1.41288 0.277656 -0.281147 -0.348793 
-1.05426 -0.0578717 0.127179 -1.41329 0.277656 -0.281147 -0.348793 
-1.05435 -0.0583814 0.127184 -1.41329 0.277656 -0.281147 -0.348793 
-1.05439 -0.0588061 0.127184 -1.41329 0.277656 -0.281147 -0.348793 
-1.05443 -0.0591382 0.127184 -1.41329 0.277656 -0.281147 -0.348793 
-1.05445 -0.0593313 0.127184 -1.41329 0.277656 -0.281147 -0.348793 
-1.05447 -0.0594162 0.127187 -1.41329 0.277656 -0.281229 -0.348957 
-1.05451 -0.0594703 0.127189 -1.41329 0.277656 -0.281229 -0.348957 
-1.05455 -0.0595243 0.127193 -1.41329 0.277656 -0.281311 -0.34912 
-1.0546 -0.0595861 0.127195 -1.41329 0.277656 -0.281392 -0.349283 
-1.05463 -0.0596093 0.127195 -1.41329 0.277656 -0.281392 -0.349283 
-1.05464 -0.059617 0.127195 -1.41329 0.277656 -0.281392 -0.349283 
-1.05463 -0.0596093 0.127195 -1.41329 0.277656 -0.281392 -0.349283 
-1.05463 -0.0596093 0.127193 -1.41329 0.277656 -0.281392 -0.349283 
-1.05464 -0.0596093 0.127196 -1.41329 0.277656 -0.281392 -0.349283 
-1.05465 -0.0595938 0.127208 -1.41329 0.277656 -0.281392 -0.349283 
-1.0547 -0.0596016 0.127231 -1.41329 0.277656 -0.281474 -0.34912 
-1.05478 -0.059617 0.127261 -1.4135 0.277793 -0.281586 -0.34912 
-1.05493 -0.0596402 0.127287 -1.41371 0.277793 -0.281749 -0.34912 
-1.05509 -0.0597483 0.127311 -1.41392 0.277793 -0.281831 -0.348957 
-1.05523 -0.0599491 0.127341 -1.41434 0.277793 -0.281831 -0.348957 
-1.05538 -0.0602503 0.127373 -1.41476 0.277793 -0.281912 -0.34912 
-1.05555 -0.0606287 0.127412 -1.41518 0.277793 -0.281912 -0.34912 
-1.05574 -0.0610457 0.127451 -1.41581 0.277793 -0.281912 -0.34912 
-1.05599 -0.0615322 0.127495 -1.41644 0.277793 -0.281912 -0.34912 
-1.05632 -0.0620883 0.127555 -1.41749 0.277793 -0.281994 -0.348957 
-1.05671 -0.062652 0.127617 -1.41875 0.277793 -0.281994 -0.348957 
-1.05719 -0.0633316 0.127699 -1.4198 0.277793 -0.281994 -0.348957 
-1.05775 -0.064019 0.127792 -1.42084 0.277793 -0.281994 -0.348957 
-1.05841 -0.064714 0.127878 -1.4221 0.277793 -0.281994 -0.348957 
-1.05916 -0.0654013 0.127959 -1.42315 0.277793 -0.281994 -0.348957 
-1.05993 -0.0660887 0.128037 -1.42357 0.277793 -0.281994 -0.348957 
-1.0607 -0.0667914 0.128099 -1.42357 0.277793 -0.281994 -0.348957 
-1.06135 -0.0673938 0.128141 -1.42357 0.277793 -0.281994 -0.348957 
-1.06189 -0.0679576 0.128168 -1.42357 0.277793 -0.281994 -0.348957 
-1.06237 -0.0684904 0.128191 -1.42357 0.277793 -0.281994 -0.348957 
-1.06278 -0.0689924 0.128213 -1.42357 0.277793 -0.281994 -0.348957 
-1.06302 -0.0692472 0.128228 -1.42357 0.277793 -0.281994 -0.348957 
-1.06353 -0.0697647 0.128255 -1.42357 0.277793 -0.281994 -0.348957 
-1.06413 -0.0703053 0.128289 -1.42336 0.27793 -0.282187 -0.34912 
-1.0648 -0.0708999 0.12833 -1.42357 0.278066 -0.28238 -0.349283 
-1.06549 -0.0714946 0.128375 -1.42357 0.278066 -0.28238 -0.349283 
-1.0661 -0.072066 0.128421 -1.42357 0.278066 -0.28238 -0.349283 
-1.06662 -0.0726298 0.128461 -1.42357 0.278066 -0.28238 -0.349283 
-1.067 -0.0731318 0.12849 -1.42315 0.278066 -0.28238 -0.349283 
-1.0673 -0.0736029 0.128508 -1.42315 0.278066 -0.28238 -0.349283 
-1.06755 -0.0741048 0.128525 -1.42336 0.278066 -0.28238 -0.349283 
-1.06779 -0.0747072 0.128543 -1.42336 0.278066 -0.28238 -0.349283 
-1.06802 -0.0753868 0.128561 -1.42336 0.278066 -0.28238 -0.349283 
-1.06834 -0.076105 0.128591 -1.42336 0.278066 -0.28238 -0.349283 
-1.06878 -0.0768541 0.128636 -1.42336 0.278066 -0.28238 -0.349283 
-1.06933 -0.0774874 0.128694 -1.42315 0.27793 -0.282269 -0.349283 
-1.07005 -0.0780203 0.128773 -1.42357 0.27793 -0.282269 -0.349283 
-1.07108 -0.0784527 0.128881 -1.42357 0.27793 -0.282269 -0.349283 
-1.07234 -0.0788698 0.128998 -1.42336 0.27793 -0.282269 -0.349283 
-1.0739 -0.0793718 0.129113 -1.42315 0.27793 -0.282187 -0.34912 
-1.07581 -0.0799896 0.129227 -1.42189 0.27793 -0.282187 -0.34912 
-1.07782 -0.0806537 0.129315 -1.42105 0.27793 -0.282187 -0.34912 
-1.08004 -0.0812715 0.129392 -1.42042 0.277656 -0.281964 -0.34912 
-1.08236 -0.0817735 0.129494 -1.41917 0.277656 -0.281964 -0.34912 
-1.08476 -0.0822214 0.129645 -1.41581 0.27752 -0.281853 -0.34912 
-1.08732 -0.0827311 0.129842 -1.41329 0.277247 -0.28163 -0.34912 
-1.08964 -0.083349 0.130054 -1.40931 0.27711 -0.281519 -0.348793 
-1.09184 -0.0840981 0.130276 -1.40575 0.27711 -0.281192 -0.34814 
-1.0936 -0.0848317 0.130469 -1.4026 0.27711 -0.280947 -0.34765 
-1.09501 -0.0854495 0.130619 -1.39987 0.27711 -0.280865 -0.347487 
-1.09613 -0.0859438 0.130719 -1.39778 0.27711 -0.280865 -0.347487 
-1.09689 -0.0862373 0.130776 -1.39484 0.27711 -0.280783 -0.34765 
-1.09735 -0.0863531 0.130789 -1.39254 0.27711 -0.280702 -0.347813 
-1.09754 -0.0863685 0.130788 -1.39107 0.276973 -0.280509 -0.347977 
-1.09753 -0.0863608 0.130783 -1.39002 0.276973 -0.280427 -0.34814 
-1.09751 -0.0863531 0.130779 -1.3896 0.276837 -0.280234 -0.348303 
-1.09751 -0.0863608 0.130775 -1.38897 0.2767 -0.280122 -0.348303 
-1.09751 -0.0863608 0.130774 -1.38876 0.2767 -0.280041 -0.348467 
-1.09752 -0.0863608 0.130775 -1.38855 0.2767 -0.280041 -0.348467 
-1.09752 -0.0863531 0.130772 -1.38855 0.2767 -0.279959 -0.34863 
-1.09752 -0.0863531 0.130771 -1.38855 0.2767 -0.279877 -0.348793 
-1.0975 -0.0863299 0.130763 -1.38855 0.276563 -0.279766 -0.348793 
-1.09747 -0.086299 0.130748 -1.38834 0.276427 -0.279573 -0.348957 
-1.0974 -0.0862218 0.130715 -1.38771 0.276153 -0.279105 -0.34912 
-1.09723 -0.0860751 0.130653 -1.38666 0.275744 -0.278444 -0.348793 
-1.09692 -0.0858434 0.130562 -1.3852 0.274924 -0.27753 -0.348957 
-1.09641 -0.0854804 0.130435 -1.3831 0.273831 -0.276394 -0.34912 
-1.09568 -0.0850016 0.130273 -1.38037 0.272054 -0.274537 -0.349283 
-1.09459 -0.0842911 0.130066 -1.37681 0.270415 -0.272629 -0.34912 
-1.09324 -0.0833721 0.129843 -1.37324 0.269732 -0.270846 -0.348957 
-1.09166 -0.0821597 0.129616 -1.36947 0.269458 -0.270052 -0.34912 
-1.08968 -0.0805919 0.129381 -1.36507 0.269048 -0.269064 -0.34912 
-1.08757 -0.0788157 0.129164 -1.36066 0.268912 -0.268462 -0.34912 
-1.08506 -0.0767692 0.12895 -1.35395 0.268638 -0.26775 -0.34912 
-1.08258 -0.0747458 0.128762 -1.34871 0.267272 -0.2659 -0.348957 
-1.07991 -0.072568 0.128588 -1.34515 0.264403 -0.263561 -0.348957 
-1.0774 -0.0705524 0.128442 -1.34305 0.260987 -0.260775 -0.348957 
-1.07477 -0.0684441 0.128309 -1.34242 0.257434 -0.257878 -0.348957 
-1.07228 -0.0664825 0.12821 -1.34242 0.254018 -0.254929 -0.348957 
-1.06982 -0.0645596 0.128133 -1.34326 0.250876 -0.252367 -0.348957 
-1.06737 -0.062652 0.128083 -1.34577 0.24828 -0.25025 -0.348957 
-1.06516 -0.0610148 0.12805 -1.34871 0.247187 -0.249359 -0.348957 
-1.06323 -0.0596402 0.128032 -1.35207 0.246367 -0.24869 -0.348957 
-1.06145 -0.0584818 0.128016 -1.35416 0.24541 -0.24791 -0.348957 
-1.05988 -0.0576554 0.127994 -1.35689 0.24459 -0.247242 -0.348957 
-1.05858 -0.0570917 0.127958 -1.36045 0.243497 -0.24635 -0.348957 
-1.05749 -0.0566978 0.127904 -1.36213 0.242268 -0.245347 -0.348957 
-1.05668 -0.0564043 0.127836 -1.36276 0.241175 -0.244456 -0.348957 
-1.05601 -0.05608 0.127764 -1.36381 0.239945 -0.243453 -0.348957 
-1.05539 -0.0556939 0.127691 -1.36507 0.238578 -0.242339 -0.348957 
-1.0547 -0.0552228 0.127622 -1.36549 0.237485 -0.241448 -0.348957 
-1.05402 -0.0547594 0.12756 -1.3657 0.236939 -0.241002 -0.348957 
-1.05325 -0.0543038 0.127499 -1.36716 0.236119 -0.240415 -0.34912 
-1.05257 -0.053879 0.127447 -1.36779 0.235846 -0.240193 -0.34912 
-1.05186 -0.0534852 0.127399 -1.368 0.235572 -0.240051 -0.349283 
-1.05118 -0.0531531 0.12736 -1.36863 0.235163 -0.239717 -0.349283 
-1.05045 -0.052821 0.12732 -1.36947 0.234616 -0.239271 -0.349283 
-1.0496 -0.0524812 0.127276 -1.36968 0.23366 -0.238491 -0.349283 
-1.04869 -0.0521723 0.12724 -1.37073 0.232566 -0.237845 -0.349447 
-1.04769 -0.0518479 0.127209 -1.37261 0.231747 -0.237258 -0.34961 
-1.04667 -0.0515236 0.127192 -1.37555 0.231473 -0.237199 -0.34961 
-1.04562 -0.0512533 0.127187 -1.37786 0.231473 -0.237199 -0.34961 
-1.04456 -0.0510448 0.127185 -1.37974 0.231473 -0.237199 -0.34961 
-1.04341 -0.0508749 0.127185 -1.38226 0.231473 -0.237199 -0.34961 
-1.04207 -0.0507976 0.127184 -1.38583 0.231337 -0.237006 -0.349773 
-1.04077 -0.0507976 0.127176 -1.38918 0.231473 -0.237117 -0.349773 
-1.03938 -0.0508208 0.12715 -1.3917 0.23161 -0.237229 -0.349773 
-1.03814 -0.0508285 0.127101 -1.39526 0.23161 -0.237229 -0.349773 
-1.03695 -0.0508517 0.127047 -1.39736 0.231883 -0.237451 -0.349773 
-1.03599 -0.0508749 0.126996 -1.39987 0.23202 -0.237563 -0.349773 
-1.03507 -0.0509135 0.126953 -1.40155 0.232157 -0.237756 -0.34961 
-1.0342 -0.0509753 0.12693 -1.40344 0.232293 -0.237867 -0.34961 
-1.03329 -0.0510525 0.126918 -1.40512 0.232566 -0.23809 -0.34961 
-1.03239 -0.0511683 0.126912 -1.40617 0.233113 -0.238536 -0.34961 
-1.03145 -0.0513614 0.126911 -1.40742 0.233933 -0.239204 -0.34961 
-1.03051 -0.0516317 0.126904 -1.40826 0.235163 -0.240207 -0.34961 
-1.02948 -0.0519561 0.126885 -1.41036 0.236256 -0.24118 -0.349447 
-1.02835 -0.0523731 0.126846 -1.41246 0.237075 -0.241849 -0.349447 
-1.02721 -0.0528519 0.12679 -1.41413 0.237485 -0.242265 -0.349283 
-1.02602 -0.0534311 0.126715 -1.41665 0.237485 -0.242428 -0.348957 
-1.02481 -0.0540721 0.126628 -1.41917 0.237759 -0.242651 -0.348957 
-1.02352 -0.0548444 0.126537 -1.42126 0.237895 -0.242844 -0.348793 
-1.02234 -0.0556166 0.126452 -1.42336 0.238169 -0.243067 -0.348793 
-1.02125 -0.0564507 0.126364 -1.42525 0.238169 -0.243067 -0.348467 
-1.02027 -0.0573311 0.126285 -1.42797 0.238169 -0.24323 -0.348467 
-1.01949 -0.058196 0.126231 -1.42944 0.238442 -0.243453 -0.348467 
-1.01884 -0.0591536 0.1262 -1.43049 0.238578 -0.243728 -0.348793 
-1.01848 -0.0601035 0.126191 -1.4307 0.238852 -0.244032 -0.34863 
-1.01831 -0.0612002 0.126194 -1.4307 0.239125 -0.244418 -0.348957 
-1.01829 -0.0623508 0.1262 -1.4307 0.240491 -0.245941 -0.34912 
-1.01831 -0.0636869 0.126205 -1.4307 0.241311 -0.246773 -0.34912 
-1.01831 -0.0650229 0.126211 -1.4307 0.241721 -0.247107 -0.34912 
-1.0183 -0.0664825 0.126213 -1.4307 0.242268 -0.247716 -0.34912 
-1.01829 -0.067888 0.126216 -1.43091 0.242678 -0.248377 -0.34912 
-1.01831 -0.0692704 0.126226 -1.43091 0.243771 -0.249268 -0.34912 
-1.01831 -0.0707068 0.126247 -1.43091 0.244864 -0.25016 -0.34912 
-1.01827 -0.0720738 0.126277 -1.4307 0.24582 -0.25094 -0.34912 
-1.01816 -0.0735256 0.126318 -1.43091 0.246503 -0.251497 -0.34912 
-1.01802 -0.0751397 0.12637 -1.43091 0.24705 -0.251942 -0.34912 
-1.01772 -0.0767846 0.126418 -1.43091 0.247187 -0.252054 -0.34912 
-1.01728 -0.0785763 0.12646 -1.43112 0.247323 -0.252165 -0.34912 
-1.01671 -0.0805611 0.126489 -1.43112 0.247596 -0.252388 -0.34912 
-1.01606 -0.0823836 0.126497 -1.43175 0.248006 -0.252804 -0.348957 
-1.01529 -0.0842602 0.126493 -1.43259 0.248416 -0.253383 -0.348793 
-1.01456 -0.0858588 0.126485 -1.43301 0.249236 -0.254052 -0.348793 
-1.01393 -0.0873107 0.126474 -1.43489 0.250056 -0.254884 -0.348793 
-1.0134 -0.0886931 0.126453 -1.43699 0.250739 -0.256013 -0.34961 
-1.013 -0.0898283 0.126435 -1.43888 0.251012 -0.257134 -0.350753 
-1.01266 -0.0908323 0.126422 -1.43993 0.251286 -0.257683 -0.350753 
-1.01232 -0.0917899 0.126419 -1.44076 0.251422 -0.25804 -0.350263 
-1.01198 -0.0926394 0.126421 -1.44265 0.251422 -0.258203 -0.349937 
-1.01168 -0.0935121 0.126425 -1.44433 0.251422 -0.258448 -0.349447 
-1.01147 -0.0943152 0.126432 -1.44559 0.251696 -0.258753 -0.349283 
-1.01127 -0.0951647 0.126441 -1.44643 0.251832 -0.258864 -0.349283 
-1.01111 -0.0960915 0.12645 -1.44726 0.251832 -0.258864 -0.349283 
-1.01096 -0.0969796 0.12646 -1.44768 0.251832 -0.258946 -0.34912 
-1.01082 -0.0979295 0.126473 -1.44789 0.251832 -0.258946 -0.34912 
-1.01066 -0.0989334 0.126498 -1.44831 0.251969 -0.259057 -0.34912 
-1.0105 -0.100061 0.126546 -1.44852 0.251969 -0.259139 -0.348957 
-1.01038 -0.101297 0.126614 -1.44873 0.252105 -0.25925 -0.348957 
-1.01028 -0.102571 0.12668 -1.44894 0.252105 -0.25925 -0.348957 
-1.01022 -0.103227 0.126706 -1.44894 0.252105 -0.25925 -0.348957 
-1.01011 -0.104664 0.126767 -1.44894 0.252105 -0.25925 -0.348957 
-1.01001 -0.106054 0.126815 -1.44894 0.252105 -0.25925 -0.348957 
-1.00988 -0.107413 0.126851 -1.44999 0.252105 -0.25925 -0.348957 
-1.00973 -0.10878 0.126896 -1.45146 0.252105 -0.25925 -0.348957 
-1.00955 -0.11 0.126944 -1.45251 0.252105 -0.25925 -0.348957 
-1.00935 -0.111305 0.12701 -1.45335 0.252105 -0.25925 -0.348957 
-1.00914 -0.112634 0.127088 -1.45397 0.252105 -0.25925 -0.348957 
-1.00893 -0.114062 0.127173 -1.45418 0.252105 -0.25925 -0.348957 
-1.00873 -0.115645 0.127262 -1.45502 0.252105 -0.25925 -0.348957 
-1.00855 -0.117128 0.127333 -1.45649 0.252105 -0.25925 -0.348957 
-1.00833 -0.118657 0.127397 -1.45733 0.252105 -0.25925 -0.348957 
-1.00809 -0.11997 0.127445 -1.45796 0.252105 -0.25925 -0.348957 
-1.00788 -0.121229 0.127488 -1.45838 0.252105 -0.25925 -0.348957 
-1.00769 -0.122248 0.127517 -1.4588 0.252105 -0.259332 -0.348793 
-1.00753 -0.123167 0.127543 -1.4588 0.252105 -0.259332 -0.348793 
-1.0074 -0.123847 0.127561 -1.4588 0.252105 -0.259332 -0.348793 
-1.00732 -0.124364 0.127573 -1.4588 0.252105 -0.259332 -0.348793 
-1.00727 -0.124781 0.127581 -1.4588 0.252105 -0.259332 -0.348793 
-1.00724 -0.125083 0.127586 -1.4588 0.252105 -0.259332 -0.348793 
-1.0072 -0.125345 0.12759 -1.4588 0.252105 -0.259332 -0.348793 
-1.00716 -0.125531 0.127595 -1.45859 0.252105 -0.259332 -0.348793 
-1.0071 -0.125677 0.127598 -1.45922 0.252105 -0.259332 -0.348793 
-1.007 -0.125793 0.127604 -1.45964 0.252105 -0.259332 -0.348793 
-1.0069 -0.12587 0.127612 -1.46006 0.252105 -0.259332 -0.348793 
-1.00679 -0.125932 0.12762 -1.46027 0.252242 -0.259444 -0.348793 
-1.00667 -0.125978 0.127628 -1.46068 0.252242 -0.259444 -0.348793 
-1.00656 -0.126017 0.127635 -1.46089 0.252242 -0.259444 -0.348793 
-1.00646 -0.126087 0.127647 -1.4611 0.252242 -0.259444 -0.348793 
-1.00636 -0.126164 0.127664 -1.4611 0.252242 -0.259444 -0.348793 
-1.00625 -0.126264 0.127695 -1.46131 0.252105 -0.259332 -0.348793 
-1.00608 -0.126403 0.127735 -1.46131 0.251969 -0.259139 -0.348957 
-1.00588 -0.126558 0.127771 -1.46257 0.252105 -0.25925 -0.348957 
-1.00561 -0.126751 0.127814 -1.46362 0.252105 -0.259332 -0.34912 
-1.00534 -0.126975 0.12785 -1.46446 0.252105 -0.259332 -0.34912 
-1.00509 -0.127222 0.127876 -1.46509 0.251969 -0.259221 -0.34912 
-1.00491 -0.127453 0.127902 -1.46572 0.251969 -0.259221 -0.34912 
-1.00482 -0.127639 0.127923 -1.46593 0.251969 -0.259221 -0.34912 
-1.00479 -0.127824 0.127948 -1.46635 0.251969 -0.259221 -0.34912 
-1.00478 -0.127994 0.12798 -1.46635 0.251832 -0.259109 -0.34912 
-1.00479 -0.128195 0.128031 -1.46656 0.251832 -0.259109 -0.34912 
-1.00481 -0.128427 0.128094 -1.46677 0.251832 -0.259109 -0.34912 
-1.00481 -0.128697 0.128175 -1.46698 0.251832 -0.259109 -0.34912 
-1.00482 -0.129006 0.128276 -1.46719 0.251969 -0.259139 -0.349283 
-1.00483 -0.129307 0.128386 -1.46739 0.251969 -0.258976 -0.349283 
-1.00485 -0.1296 0.1285 -1.46781 0.251696 -0.258671 -0.349447 
-1.00485 -0.129878 0.128587 -1.46823 0.251559 -0.258233 -0.34912 
-1.00489 -0.130095 0.128653 -1.46886 0.251559 -0.25807 -0.348793 
-1.00495 -0.130257 0.128729 -1.46928 0.251559 -0.257988 -0.34863 
-1.00497 -0.130411 0.128825 -1.4697 0.251696 -0.257364 -0.347813 
-1.005 -0.130566 0.128916 -1.47033 0.251696 -0.256956 -0.34765 
-1.00508 -0.130705 0.129005 -1.47075 0.251559 -0.256681 -0.347977 
-1.0052 -0.130813 0.129083 -1.47138 0.251559 -0.256599 -0.34814 
-1.00536 -0.130898 0.12916 -1.47201 0.251559 -0.256599 -0.34814 
-1.00557 -0.130975 0.12925 -1.47264 0.251559 -0.256518 -0.348303 
-1.00581 -0.131029 0.129339 -1.47327 0.251559 -0.256436 -0.348467 
-1.00602 -0.131083 0.129436 -1.4739 0.251286 -0.256132 -0.34863 
-1.00618 -0.131168 0.129553 -1.47452 0.251286 -0.255968 -0.348957 
-1.00628 -0.131269 0.129674 -1.47494 0.251149 -0.25553 -0.348957 
-1.00637 -0.131392 0.129792 -1.47515 0.251012 -0.255092 -0.348957 
-1.00642 -0.131547 0.129914 -1.47536 0.250602 -0.254431 -0.348957 
-1.00646 -0.131716 0.130031 -1.47557 0.250056 -0.253659 -0.348957 
-1.00651 -0.131855 0.130119 -1.47557 0.249646 -0.253161 -0.348957 
-1.00656 -0.131948 0.130184 -1.47578 0.249373 -0.252856 -0.348793 
-1.00659 -0.131979 0.130221 -1.47578 0.249236 -0.252663 -0.348957 
-1.00662 -0.131987 0.130254 -1.47578 0.249236 -0.252663 -0.348957 
-1.0067 -0.131971 0.130298 -1.47578 0.249099 -0.252144 -0.348793 
-1.00679 -0.131979 0.130343 -1.47578 0.249099 -0.25198 -0.348793 
-1.00692 -0.131979 0.130385 -1.47599 0.249099 -0.25198 -0.348793 
-1.00709 -0.131979 0.130424 -1.4762 0.249099 -0.251899 -0.348957 
-1.00723 -0.131971 0.130451 -1.47641 0.248963 -0.251624 -0.348957 
-1.00733 -0.131979 0.130477 -1.47662 0.248963 -0.251542 -0.34912 
-1.00743 -0.131964 0.130496 -1.47683 0.248963 -0.251542 -0.34912 
-1.00753 -0.131971 0.130517 -1.47704 0.248963 -0.251542 -0.34912 
-1.0076 -0.131964 0.130543 -1.47725 0.248826 -0.251267 -0.34912 
-1.00771 -0.131948 0.130582 -1.47746 0.248553 -0.250799 -0.348957 
-1.00785 -0.131933 0.13063 -1.47767 0.248416 -0.250525 -0.348957 
-1.00805 -0.131917 0.130687 -1.47788 0.248143 -0.249893 -0.348793 
-1.00828 -0.131886 0.130753 -1.4783 0.248143 -0.249485 -0.34863 
-1.00853 -0.131848 0.130819 -1.47872 0.248006 -0.24921 -0.34863 
-1.00881 -0.131825 0.13088 -1.47935 0.248006 -0.248884 -0.34863 
-1.00907 -0.131801 0.130933 -1.47998 0.248006 -0.248802 -0.348793 
-1.0093 -0.131786 0.13098 -1.48061 0.248006 -0.248638 -0.348793 
-1.00952 -0.131763 0.13102 -1.48123 0.248006 -0.248638 -0.348793 
-1.00976 -0.131724 0.131065 -1.48186 0.248006 -0.248557 -0.348957 
-1.00999 -0.131662 0.131121 -1.48249 0.248006 -0.248557 -0.348957 
-1.01021 -0.13157 0.131186 -1.48291 0.24787 -0.2482 -0.34912 
-1.01046 -0.131392 0.131273 -1.48333 0.24787 -0.248119 -0.349283 
-1.01072 -0.131153 0.131363 -1.48396 0.247733 -0.24719 -0.349283 
-1.01103 -0.130844 0.131467 -1.48459 0.247733 -0.246374 -0.348957 
-1.0114 -0.130465 0.131593 -1.48522 0.24705 -0.244918 -0.348793 
-1.01179 -0.130048 0.131721 -1.48585 0.246093 -0.24373 -0.348957 
-1.01223 -0.129616 0.131846 -1.48669 0.245957 -0.242393 -0.348793 
-1.01272 -0.129152 0.132002 -1.48773 0.24582 -0.240567 -0.348303 
-1.01321 -0.128712 0.132158 -1.48836 0.245684 -0.239067 -0.348793 
-1.01373 -0.128233 0.132319 -1.48941 0.24541 -0.237537 -0.34912 
-1.01423 -0.127693 0.132481 -1.49025 0.24541 -0.236067 -0.348793 
-1.01466 -0.127145 0.132616 -1.49109 0.245274 -0.23473 -0.34863 
-1.0151 -0.126589 0.13273 -1.49193 0.245274 -0.233505 -0.348793 
-1.01548 -0.126156 0.1328 -1.49256 0.245 -0.23222 -0.34863 
-1.01582 -0.125878 0.132837 -1.49298 0.245 -0.231403 -0.34863 
-1.0161 -0.125785 0.132848 -1.4934 0.245 -0.230913 -0.34863 
-1.01634 -0.125785 0.132846 -1.49361 0.245 -0.230505 -0.348793 
-1.01653 -0.125801 0.132842 -1.49382 0.245137 -0.230371 -0.348957 
-1.01669 -0.125793 0.132837 -1.49382 0.245137 -0.229473 -0.350427 
-1.01685 -0.125785 0.132837 -1.49424 0.245137 -0.229146 -0.350427 
-1.01697 -0.125785 0.132837 -1.49424 0.245137 -0.228983 -0.3501 
-1.01706 -0.125785 0.132837 -1.49424 0.245137 -0.228738 -0.34961 
-1.01712 -0.125793 0.132837 -1.49424 0.245137 -0.228574 -0.349283 
-1.01716 -0.125785 0.132836 -1.49424 0.245137 -0.228493 -0.34912 
-1.01717 -0.125785 0.132835 -1.49424 0.245137 -0.228329 -0.348793 
-1.0172 -0.125785 0.132832 -1.49424 0.245137 -0.228329 -0.348793 
-1.0172 -0.125785 0.132833 -1.49424 0.245137 -0.228248 -0.348957 
-1.01722 -0.125785 0.132831 -1.49424 0.245137 -0.228248 -0.348957 
-1.01724 -0.125785 0.132832 -1.49424 0.245137 -0.228166 -0.348793 
-1.01725 -0.125785 0.132831 -1.49444 0.245137 -0.228166 -0.348793 
-1.01727 -0.125801 0.13283 -1.49444 0.245137 -0.228166 -0.348793 
-1.01732 -0.125793 0.132826 -1.49444 0.245137 -0.228166 -0.348793 
-1.01735 -0.125793 0.132822 -1.49444 0.245137 -0.228084 -0.348957 
-1.01737 -0.125801 0.132813 -1.49424 0.245137 -0.228084 -0.348957 
-1.01739 -0.125801 0.132797 -1.49549 0.245137 -0.228084 -0.348957 
-1.01741 -0.125793 0.132774 -1.49633 0.245 -0.227973 -0.348957 
-1.01742 -0.125785 0.132735 -1.49675 0.244864 -0.22778 -0.34912 
-1.01741 -0.125778 0.132678 -1.49717 0.244864 -0.227453 -0.34912 
-1.01743 -0.125762 0.132597 -1.49738 0.244727 -0.226933 -0.348957 
-1.01743 -0.125724 0.132492 -1.49759 0.24459 -0.226087 -0.348467 
-1.01741 -0.125662 0.132365 -1.49759 0.244454 -0.224832 -0.348467 
-1.01742 -0.125531 0.132207 -1.49759 0.244454 -0.22279 -0.34863 
-1.01746 -0.12533 0.132044 -1.49759 0.244454 -0.22181 -0.348957 
-1.01752 -0.125021 0.131882 -1.49759 0.244454 -0.221401 -0.349447 
-1.01758 -0.124642 0.131724 -1.4978 0.244454 -0.221156 -0.349937 
-1.01764 -0.124202 0.13156 -1.4978 0.244454 -0.221156 -0.349937 
-1.01766 -0.123716 0.131372 -1.49738 0.244454 -0.221156 -0.349937 
-1.01768 -0.123113 0.131155 -1.49759 0.244454 -0.221156 -0.349937 
-1.01767 -0.122449 0.130917 -1.49717 0.244317 -0.221045 -0.349937 
-1.01768 -0.121654 0.130647 -1.49654 0.244317 -0.221045 -0.349937 
-1.01768 -0.12065 0.130335 -1.49549 0.244317 -0.221045 -0.349937 
-1.01767 -0.119499 0.130004 -1.49424 0.244454 -0.221075 -0.3501 
-1.01766 -0.118202 0.129677 -1.49319 0.244454 -0.221075 -0.3501 
-1.01767 -0.116626 0.129305 -1.49172 0.24459 -0.221186 -0.3501 
-1.01767 -0.1159 0.129143 -1.49088 0.24459 -0.221186 -0.3501 
-1.01764 -0.114201 0.128788 -1.4892 0.244727 -0.221379 -0.349937 
-1.01761 -0.112556 0.128457 -1.48752 0.244864 -0.221409 -0.349773 
-1.01729 -0.108517 0.127699 -1.48165 0.245137 -0.221795 -0.349447 
-1.01671 -0.106031 0.127259 -1.47704 0.245274 -0.221988 -0.349283 
-1.01671 -0.106031 0.127259 -1.47704 0.245274 -0.221988 -0.349283 
-1.01671 -0.106031 0.127259 -1.47704 0.245274 -0.221988 -0.349283 
-1.01653 -0.105475 0.127161 -1.4762 0.24541 -0.222181 -0.34912 
-1.01621 -0.104432 0.126983 -1.47452 0.245547 -0.222293 -0.34912 
-1.01592 -0.10349 0.126819 -1.47327 0.245547 -0.222293 -0.34912 
-1.01568 -0.102563 0.126681 -1.47243 0.24582 -0.222516 -0.34912 
-1.0155 -0.10159 0.126553 -1.4718 0.246093 -0.222738 -0.34912 
-1.01539 -0.100609 0.12646 -1.47117 0.246093 -0.222738 -0.34912 
-1.0153 -0.0994817 0.126375 -1.47075 0.246093 -0.222738 -0.34912 
-1.01523 -0.0981071 0.126309 -1.47075 0.246093 -0.222902 -0.34912 
-1.01519 -0.0965857 0.126261 -1.47075 0.24582 -0.222679 -0.34912 
-1.01513 -0.0947709 0.126211 -1.47075 0.24541 -0.222345 -0.34912 
-1.01502 -0.092539 0.12616 -1.47075 0.245274 -0.222152 -0.348957 
-1.01487 -0.0902299 0.126113 -1.47054 0.244864 -0.221654 -0.34863 
-1.01469 -0.0876274 0.126067 -1.47012 0.245 -0.221439 -0.348303 
-1.01446 -0.0852179 0.126029 -1.4697 0.244727 -0.220726 -0.347323 
-1.01425 -0.0828393 0.125997 -1.46949 0.244727 -0.220481 -0.346833 
-1.01404 -0.0804143 0.125955 -1.46907 0.24459 -0.219961 -0.346997 
-1.01388 -0.0781284 0.125918 -1.46886 0.24459 -0.219798 -0.347323 
-1.01375 -0.0759274 0.125875 -1.46844 0.244454 -0.219196 -0.347977 
-1.01366 -0.073626 0.125835 -1.46844 0.244454 -0.218788 -0.348793 
-1.01361 -0.0714405 0.125806 -1.46823 0.244181 -0.217748 -0.349447 
-1.01358 -0.0693245 0.125776 -1.46823 0.244317 -0.217288 -0.34961 
-1.01357 -0.0671081 0.125748 -1.46823 0.244317 -0.215817 -0.34961 
-1.01357 -0.0649843 0.12573 -1.46823 0.244317 -0.215001 -0.349283 
-1.01357 -0.0628605 0.12571 -1.46823 0.244317 -0.213775 -0.348793 
-1.01355 -0.060675 0.125692 -1.46823 0.244317 -0.212142 -0.34814 
-1.01354 -0.0586748 0.125684 -1.46823 0.244317 -0.211407 -0.348303 
-1.01352 -0.0567364 0.12568 -1.46823 0.244044 -0.210531 -0.34863 
-1.01352 -0.0547748 0.125686 -1.46823 0.244181 -0.209743 -0.348467 
-1.01352 -0.0529755 0.125693 -1.46823 0.244181 -0.208845 -0.34863 
-1.01352 -0.0510988 0.125701 -1.46823 0.244181 -0.207702 -0.34863 
-1.01354 -0.049284 0.125712 -1.46823 0.244181 -0.206476 -0.34814 
-1.01355 -0.0474383 0.12573 -1.46823 0.244181 -0.205333 -0.347813 
-1.01356 -0.045469 0.125758 -1.46802 0.244181 -0.204598 -0.348303 
-1.01358 -0.0436078 0.125792 -1.46802 0.244044 -0.203915 -0.348793 
-1.01361 -0.0417929 0.125828 -1.46802 0.244044 -0.203179 -0.349283 
-1.01366 -0.0400708 0.125862 -1.46844 0.244044 -0.202444 -0.349447 
-1.01374 -0.0383949 0.125896 -1.46844 0.244044 -0.201709 -0.348957 
-1.01386 -0.036889 0.125933 -1.46886 0.244044 -0.200892 -0.34863 
-1.01407 -0.0353908 0.125981 -1.46991 0.244044 -0.200157 -0.348467 
-1.01439 -0.0340316 0.126037 -1.47117 0.244044 -0.199667 -0.348467 
-1.01485 -0.0326878 0.126107 -1.47264 0.244044 -0.199341 -0.348467 
-1.01554 -0.0312746 0.126189 -1.47452 0.244044 -0.19885 -0.348467 
-1.0164 -0.0299385 0.126272 -1.47494 0.243907 -0.198086 -0.348467 
-1.01751 -0.0285253 0.126383 -1.47536 0.243907 -0.197269 -0.348793 
-1.01876 -0.0271815 0.126497 -1.47515 0.243907 -0.196615 -0.348793 
-1.02009 -0.0258995 0.126627 -1.47536 0.243907 -0.196044 -0.348303 
-1.02134 -0.0246716 0.12675 -1.47515 0.243907 -0.195635 -0.348467 
-1.02244 -0.0235209 0.126883 -1.47431 0.244181 -0.19545 -0.34863 
-1.02338 -0.0223934 0.127008 -1.47348 0.244044 -0.195175 -0.34863 
-1.02411 -0.0213277 0.127115 -1.47285 0.244181 -0.195123 -0.34863 
-1.02473 -0.0201693 0.127223 -1.47243 0.244181 -0.194796 -0.348957 
-1.02522 -0.0190031 0.127314 -1.47222 0.244181 -0.194551 -0.34912 
-1.02569 -0.0176748 0.127405 -1.4718 0.244181 -0.194143 -0.349283 
-1.02605 -0.0164006 0.127472 -1.47159 0.244181 -0.193734 -0.34912 
-1.02634 -0.0151109 0.12753 -1.47159 0.244181 -0.193408 -0.34912 
-1.02657 -0.0138135 0.12758 -1.47138 0.244181 -0.192264 -0.3501 
-1.02676 -0.0125238 0.127621 -1.47138 0.244454 -0.190935 -0.35059 
-1.02688 -0.0113731 0.127656 -1.47096 0.244317 -0.189762 -0.3501 
-1.02695 -0.0102301 0.1277 -1.47096 0.244317 -0.188945 -0.349773 
-1.02697 -0.00923389 0.127748 -1.47096 0.244317 -0.188618 -0.349773 
-1.02696 -0.00833806 0.127797 -1.47075 0.244454 -0.188321 -0.34961 
-1.02695 -0.00751172 0.127848 -1.47054 0.244454 -0.187995 -0.34961 
-1.02694 -0.00674717 0.127901 -1.47012 0.244454 -0.18775 -0.349447 
-1.02693 -0.00613708 0.127944 -1.4697 0.244454 -0.187586 -0.349447 
-1.02691 -0.00561965 0.127981 -1.46928 0.244454 -0.187505 -0.349283 
-1.02687 -0.00516401 0.128015 -1.46865 0.244454 -0.187341 -0.349283 
-1.02683 -0.00479332 0.128037 -1.46823 0.244454 -0.18726 -0.34912 
-1.0268 -0.00441491 0.128055 -1.46781 0.244454 -0.187096 -0.34912 
-1.02678 -0.00402877 0.128073 -1.46739 0.244454 -0.186933 -0.34912 
-1.02673 -0.00361174 0.128088 -1.46719 0.244454 -0.18677 -0.34912 
-1.02671 -0.00320244 0.128097 -1.46719 0.244454 -0.186606 -0.34912 
-1.0267 -0.00283947 0.128105 -1.46719 0.244454 -0.186525 -0.348957 
-1.02687 -0.0028163 0.128124 -1.4676 0.24459 -0.186309 -0.349283 
-1.02687 -0.0028163 0.128124 -1.4676 0.24459 -0.186309 -0.349283 
-1.02687 -0.0028163 0.128124 -1.4676 0.24459 -0.186309 -0.349283 
-1.02687 -0.0028163 0.128124 -1.4676 0.24459 -0.186309 -0.349283 
-1.02687 -0.0028163 0.128124 -1.4676 0.24459 -0.186309 -0.349283 
-1.02687 -0.0028163 0.128124 -1.4676 0.24459 -0.186309 -0.349283 
-1.02687 -0.0028163 0.128124 -1.4676 0.24459 -0.186309 -0.349283 
-1.02687 -0.0028163 0.128124 -1.4676 0.24459 -0.186309 -0.349283 
-1.02687 -0.0028163 0.128124 -1.4676 0.24459 -0.186309 -0.349283 
-1.02687 -0.0028163 0.128124 -1.4676 0.24459 -0.186309 -0.349283 
-1.02687 -0.0028163 0.128124 -1.4676 0.24459 -0.186309 -0.349283 
-1.02687 -0.0028163 0.128124 -1.4676 0.24459 -0.186309 -0.349283 
-1.02687 -0.0028163 0.128124 -1.4676 0.24459 -0.186309 -0.349283 
-1.02687 -0.0028163 0.128124 -1.4676 0.24459 -0.186309 -0.349283 
-1.02695 -0.00293214 0.128121 -1.4676 0.24459 -0.186309 -0.349283 
-1.02717 -0.00322561 0.128115 -1.46739 0.244454 -0.186198 -0.349283 
-1.02747 -0.00353452 0.128106 -1.46739 0.244727 -0.186421 -0.349283 
-1.02786 -0.00387432 0.128095 -1.46739 0.244727 -0.186421 -0.349283 
-1.02836 -0.00423728 0.128083 -1.46739 0.244727 -0.186421 -0.349283 
-1.02886 -0.00458481 0.128071 -1.46739 0.244864 -0.186532 -0.349283 
-1.02937 -0.00492461 0.128058 -1.46698 0.245 -0.186643 -0.349283 
-1.02982 -0.00526441 0.128046 -1.46656 0.245274 -0.186866 -0.349283 
-1.03023 -0.00572005 0.128036 -1.46635 0.245684 -0.187201 -0.349283 
-1.03056 -0.00627609 0.128025 -1.46593 0.24623 -0.187646 -0.349283 
-1.03083 -0.00694796 0.128018 -1.46572 0.246777 -0.188092 -0.349283 
-1.03109 -0.0078438 0.128009 -1.46551 0.247187 -0.188426 -0.349283 
-1.03129 -0.00884776 0.128001 -1.4632 0.247596 -0.18876 -0.349283 
-1.03149 -0.00996755 0.127994 -1.46068 0.248006 -0.189095 -0.349283 
-1.0317 -0.0111337 0.127983 -1.45964 0.248553 -0.18954 -0.349283 
-1.03189 -0.0122998 0.127968 -1.45922 0.248963 -0.189875 -0.349283 
-1.03207 -0.0133269 0.12795 -1.45922 0.249373 -0.190209 -0.349283 
-1.03227 -0.0142691 0.127933 -1.45922 0.249646 -0.190432 -0.349283 
-1.03244 -0.0151341 0.127917 -1.45922 0.249783 -0.190543 -0.349283 
-1.03256 -0.0159449 0.1279 -1.45922 0.249783 -0.190543 -0.349283 
-1.03264 -0.0166477 0.127878 -1.45922 0.249783 -0.190543 -0.349283 
-1.03269 -0.0173737 0.127849 -1.45922 0.249919 -0.190573 -0.34912 
-1.0327 -0.018115 0.127815 -1.45922 0.249919 -0.190573 -0.34912 
-1.03268 -0.0189491 0.127774 -1.45922 0.249919 -0.190655 -0.348957 
-1.03267 -0.0198218 0.127726 -1.45922 0.250056 -0.190766 -0.348957 
-1.03267 -0.0207408 0.127674 -1.45901 0.250056 -0.190766 -0.348957 
-1.03265 -0.0217524 0.127613 -1.45901 0.250056 -0.190766 -0.348957 
-1.03263 -0.0227718 0.127561 -1.45901 0.250193 -0.190877 -0.348957 
-1.03263 -0.0238685 0.127512 -1.45901 0.250193 -0.190877 -0.348957 
-1.03263 -0.024911 0.127467 -1.45901 0.250193 -0.190877 -0.348957 
-1.0326 -0.0259382 0.127425 -1.45901 0.250329 -0.190989 -0.348957 
-1.03258 -0.0268726 0.127397 -1.45901 0.250329 -0.190989 -0.348957 
-1.03256 -0.0277762 0.127381 -1.45901 0.250329 -0.191152 -0.348957 
-1.03253 -0.0286566 0.127377 -1.45901 0.250329 -0.191152 -0.348957 
-1.03244 -0.0294057 0.127384 -1.45901 0.250466 -0.191264 -0.348957 
-1.03234 -0.0300312 0.127399 -1.45901 0.250602 -0.191375 -0.348957 
-1.03224 -0.0303787 0.127425 -1.45901 0.250739 -0.191486 -0.348957 
-1.03212 -0.0304946 0.127491 -1.45901 0.251012 -0.191954 -0.34912 
-1.03195 -0.0304869 0.127589 -1.45901 0.251149 -0.192474 -0.34961 
-1.03178 -0.0304637 0.127686 -1.45922 0.251149 -0.192474 -0.34961 
-1.03157 -0.0304637 0.127804 -1.45922 0.251286 -0.192585 -0.34961 
-1.03125 -0.0304791 0.127928 -1.45901 0.251286 -0.192667 -0.349773 
-1.03086 -0.0304714 0.128068 -1.4588 0.251144863