0.303216 -0.192745 0.141002 1.25425 -0.0780931 0.0686506 -0.408895 
0.303216 -0.192745 0.141002 1.25425 -0.0780931 0.0686506 -0.408895 
0.303224 -0.192745 0.141002 1.25425 -0.0780931 0.0685689 -0.408731 
0.303224 -0.192745 0.141002 1.25425 -0.0780931 0.0685689 -0.408731 
0.303224 -0.192745 0.141002 1.25425 -0.0780931 0.0685689 -0.408731 
0.303216 -0.192745 0.141002 1.25425 -0.0780931 0.0685689 -0.408731 
0.303224 -0.192745 0.141002 1.25425 -0.0780931 0.0684873 -0.408568 
0.303224 -0.192745 0.141002 1.25425 -0.0780931 0.0684873 -0.408568 
0.303216 -0.192745 0.141002 1.25425 -0.0780931 0.0684873 -0.408568 
0.303216 -0.192745 0.141002 1.25425 -0.0780931 0.0684873 -0.408568 
0.303231 -0.192745 0.141002 1.25425 -0.0780931 0.0684873 -0.408568 
0.303216 -0.192745 0.141002 1.25425 -0.0780931 0.0684873 -0.408568 
0.303224 -0.192745 0.141002 1.25425 -0.0780931 0.0684873 -0.408568 
0.303224 -0.192745 0.141002 1.25425 -0.0780931 0.0684873 -0.408568 
0.303224 -0.192745 0.141002 1.25425 -0.0780931 0.0684873 -0.408568 
0.303224 -0.192745 0.141002 1.25425 -0.0780931 0.0684873 -0.408568 
0.303224 -0.192745 0.141002 1.25425 -0.0780931 0.0684873 -0.408568 
0.303231 -0.192745 0.141002 1.25425 -0.0780931 0.0684873 -0.408568 
0.303224 -0.192745 0.141002 1.25425 -0.0780931 0.0684873 -0.408568 
0.303216 -0.192745 0.141002 1.25425 -0.0780931 0.0684873 -0.408568 
0.303231 -0.192745 0.141002 1.25425 -0.0780931 0.0684873 -0.408568 
0.303216 -0.192745 0.141002 1.25425 -0.0780931 0.0684873 -0.408568 
0.303224 -0.192745 0.141002 1.25425 -0.0780931 0.0684873 -0.408568 
0.303216 -0.192745 0.141002 1.25425 -0.0780931 0.0684873 -0.408568 
0.303216 -0.192745 0.141002 1.25425 -0.0780931 0.0684873 -0.408568 
0.303216 -0.192738 0.141002 1.25425 -0.0780931 0.0684873 -0.408568 
0.303224 -0.192745 0.141002 1.25425 -0.0780931 0.0684873 -0.408568 
0.303216 -0.192745 0.141002 1.25425 -0.0780931 0.0684873 -0.408568 
0.303224 -0.192738 0.141002 1.25425 -0.0780931 0.0684873 -0.408568 
0.303216 -0.192745 0.141002 1.25425 -0.0780931 0.0684873 -0.408568 
0.303224 -0.192745 0.141002 1.25425 -0.0780931 0.0684873 -0.408568 
0.303216 -0.192745 0.141002 1.25425 -0.0780931 0.0684873 -0.408568 
0.303216 -0.192745 0.141002 1.25425 -0.0780931 0.0684873 -0.408568 
0.303231 -0.192738 0.141002 1.25425 -0.0780931 0.0684873 -0.408568 
0.303216 -0.192745 0.141002 1.25425 -0.0780931 0.0684873 -0.408568 
0.303216 -0.192745 0.141002 1.25425 -0.0780931 0.0684873 -0.408568 
0.303216 -0.192738 0.141002 1.25425 -0.0780931 0.0684873 -0.408568 
0.303231 -0.192745 0.141002 1.25425 -0.0780931 0.0684873 -0.408568 
0.303224 -0.192745 0.141002 1.25425 -0.0780931 0.0684873 -0.408568 
0.303224 -0.192738 0.141002 1.25425 -0.0780931 0.0684873 -0.408568 
0.303216 -0.192745 0.141002 1.25425 -0.0780931 0.0684873 -0.408568 
0.303231 -0.192738 0.141002 1.25425 -0.0780931 0.0684873 -0.408568 
0.303224 -0.192745 0.141002 1.25425 -0.0780931 0.0684873 -0.408568 
0.303224 -0.192738 0.141002 1.25425 -0.0780931 0.0684873 -0.408568 
0.303224 -0.192738 0.141002 1.25425 -0.0780931 0.0684873 -0.408568 
0.303216 -0.192745 0.141002 1.25425 -0.0780931 0.0684873 -0.408568 
0.303208 -0.192738 0.141002 1.25425 -0.0780931 0.0684873 -0.408568 
0.303216 -0.192738 0.141002 1.25425 -0.0780931 0.0684873 -0.408568 
0.303231 -0.192745 0.141002 1.25425 -0.0780931 0.0684873 -0.408568 
0.303224 -0.192738 0.141002 1.25425 -0.0780931 0.0684873 -0.408568 
0.303224 -0.192745 0.141002 1.25425 -0.0780931 0.0684873 -0.408568 
0.303224 -0.192738 0.141002 1.25425 -0.0780931 0.0684873 -0.408568 
0.303231 -0.192738 0.141002 1.25425 -0.0780931 0.0684873 -0.408568 
0.303224 -0.192745 0.141002 1.25425 -0.0780931 0.0684873 -0.408568 
0.303224 -0.192738 0.141002 1.25425 -0.0780931 0.0684873 -0.408568 
0.303216 -0.192305 0.140993 1.26935 -0.0783663 0.0688735 -0.408241 
0.303131 -0.191618 0.140998 1.29346 -0.0794594 0.0696831 -0.408405 
0.30303 -0.191178 0.14101 1.31925 -0.0806892 0.0706859 -0.408405 
0.302953 -0.19117 0.141016 1.3377 -0.0816456 0.0714658 -0.408405 
0.302938 -0.191332 0.141016 1.34966 -0.0820555 0.0718001 -0.408405 
0.302953 -0.191386 0.141015 1.35804 -0.0821922 0.0719115 -0.408405 
0.302961 -0.191378 0.141016 1.3635 -0.0823288 0.0720229 -0.408405 
0.302938 -0.191378 0.141018 1.36727 -0.0824654 0.0721343 -0.408405 
0.302946 -0.191394 0.141018 1.36895 -0.0826021 0.0722457 -0.408405 
0.302961 -0.191371 0.14102 1.36958 -0.0826021 0.0722457 -0.408405 
0.302946 -0.191378 0.141018 1.36979 -0.0828754 0.0724686 -0.408405 
0.302915 -0.191378 0.141019 1.36958 -0.0827387 0.0723572 -0.408405 
0.302899 -0.191378 0.141024 1.36916 -0.0828754 0.0724686 -0.408405 
0.302845 -0.191386 0.141037 1.3679 -0.0834219 0.0729142 -0.408405 
0.302737 -0.191394 0.141051 1.36664 -0.0835585 0.0730257 -0.408405 
0.302629 -0.191386 0.141068 1.36559 -0.0836952 0.0732188 -0.408241 
0.302467 -0.191402 0.141084 1.36413 -0.0835585 0.0731073 -0.408241 
0.302312 -0.191402 0.141101 1.36287 -0.0838318 0.0733302 -0.408241 
0.30215 -0.191402 0.141116 1.36182 -0.0838318 0.0733302 -0.408241 
0.301988 -0.191402 0.14115 1.36182 -0.0838318 0.0732485 -0.408078 
0.301841 -0.191417 0.141203 1.36161 -0.0838318 0.0730035 -0.407915 
0.301748 -0.191456 0.141251 1.36182 -0.0836952 0.0724836 -0.408078 
0.30171 -0.191494 0.141299 1.3614 -0.0835585 0.0720455 -0.408405 
0.301725 -0.191556 0.141328 1.35867 -0.0834219 0.0719341 -0.408405 
0.301741 -0.191633 0.141337 1.35637 -0.0834219 0.0718524 -0.408568 
0.301733 -0.19171 0.141342 1.3549 -0.0834219 0.0718524 -0.408568 
0.301733 -0.191803 0.141347 1.35259 -0.0834219 0.0718524 -0.408568 
0.301748 -0.19188 0.141355 1.35029 -0.0832853 0.071741 -0.408568 
0.301741 -0.191988 0.141405 1.34861 -0.0827387 0.0709686 -0.408568 
0.301741 -0.192243 0.141556 1.34777 -0.0819189 0.06932 -0.408568 
0.301748 -0.192653 0.141744 1.34609 -0.0805525 0.0664905 -0.408405 
0.301764 -0.193232 0.141919 1.34274 -0.080006 0.0639212 -0.408078 
0.301764 -0.193888 0.142012 1.34085 -0.0797327 0.0615747 -0.407425 
0.301772 -0.194182 0.142021 1.34043 -0.0795961 0.0605648 -0.406608 
0.301779 -0.194591 0.142007 1.34001 -0.0794594 0.0594733 -0.406608 
0.301764 -0.194784 0.141984 1.33959 -0.0794594 0.0589832 -0.407588 
0.301764 -0.194892 0.141972 1.33896 -0.0793228 0.0586268 -0.407751 
0.301748 -0.195132 0.141977 1.33812 -0.0793228 0.0586268 -0.407751 
0.301741 -0.195587 0.141995 1.3377 -0.0793228 0.0587084 -0.407915 
0.301748 -0.196305 0.142013 1.33728 -0.0793228 0.0587901 -0.407751 
0.301748 -0.197201 0.142021 1.33708 -0.0793228 0.0587901 -0.407751 
0.301741 -0.197997 0.142015 1.33687 -0.0793228 0.0586268 -0.408078 
0.301725 -0.19863 0.142008 1.33687 -0.0793228 0.0582184 -0.408895 
0.301733 -0.198962 0.142007 1.33728 -0.0793228 0.0579733 -0.409385 
0.301718 -0.199101 0.142013 1.33728 -0.0793228 0.0579733 -0.409385 
0.301664 -0.19914 0.142021 1.33728 -0.0793228 0.0579733 -0.409385 
0.301625 -0.199163 0.142026 1.33728 -0.0793228 0.0579733 -0.409385 
0.301563 -0.199178 0.142029 1.33728 -0.0795961 0.0581962 -0.409385 
0.301486 -0.199225 0.14203 1.33728 -0.0795961 0.0582778 -0.409548 
0.301393 -0.199294 0.142041 1.33728 -0.0795961 0.0582778 -0.409548 
0.301324 -0.199395 0.142056 1.33728 -0.0795961 0.0582778 -0.409548 
0.301277 -0.199526 0.142076 1.33728 -0.0795961 0.0582778 -0.409548 
0.30127 -0.199696 0.14209 1.33728 -0.0795961 0.0582778 -0.409548 
0.301262 -0.199904 0.142098 1.33708 -0.0795961 0.0582778 -0.409548 
0.301285 -0.200144 0.142103 1.33708 -0.0795961 0.0582778 -0.409548 
0.301293 -0.200414 0.142108 1.33728 -0.0793228 0.0579733 -0.409385 
0.301308 -0.200692 0.142117 1.33749 -0.0794594 0.0580847 -0.409385 
0.301324 -0.201009 0.142129 1.33812 -0.0794594 0.0580031 -0.409221 
0.301347 -0.201302 0.142138 1.33917 -0.0793228 0.0576466 -0.408731 
0.301409 -0.201572 0.142146 1.34043 -0.0791862 0.0574535 -0.408568 
0.30147 -0.201827 0.142153 1.34169 -0.0791862 0.0572902 -0.408241 
0.301579 -0.202067 0.14216 1.34232 -0.0789129 0.0569856 -0.408078 
0.301687 -0.202314 0.142166 1.34274 -0.0787763 0.0567925 -0.407915 
0.301849 -0.202592 0.142174 1.34274 -0.0789129 0.056904 -0.407915 
0.302034 -0.20287 0.142184 1.34274 -0.0786396 0.0566811 -0.407915 
0.302235 -0.203132 0.142194 1.34274 -0.078503 0.056488 -0.408078 
0.302405 -0.203379 0.1422 1.34274 -0.0783663 0.0562949 -0.408241 
0.302583 -0.203627 0.142208 1.34274 -0.0782297 0.0561835 -0.408241 
0.302729 -0.203851 0.142213 1.34253 -0.0780931 0.0559904 -0.408405 
0.302884 -0.204082 0.142219 1.34253 -0.0780931 0.0559904 -0.408405 
0.303115 -0.204298 0.142226 1.34211 -0.0779564 0.055879 -0.408405 
0.303455 -0.20453 0.142226 1.34211 -0.0779564 0.055879 -0.408405 
0.303911 -0.204777 0.142219 1.34211 -0.0778198 0.0557676 -0.408405 
0.304505 -0.205055 0.14221 1.34253 -0.0775465 0.0554631 -0.408568 
0.305116 -0.205356 0.142196 1.34232 -0.0772733 0.0552402 -0.408568 
0.30571 -0.205665 0.142179 1.34274 -0.077 0.0550174 -0.408568 
0.306243 -0.205974 0.142164 1.34337 -0.0765901 0.0546831 -0.408568 
0.306668 -0.206206 0.142156 1.344 -0.0763168 0.0544603 -0.408568 
0.307054 -0.206407 0.142147 1.34483 -0.0760435 0.0541558 -0.408731 
0.307324 -0.20653 0.142133 1.34567 -0.075497 0.0537101 -0.408731 
0.307486 -0.2066 0.14212 1.34672 -0.0749504 0.0532645 -0.408731 
0.307564 -0.206638 0.142112 1.34735 -0.0746772 0.0530416 -0.408731 
0.30761 -0.206662 0.142105 1.34819 -0.0744039 0.0529005 -0.408895 
0.307633 -0.206677 0.142103 1.34882 -0.0741306 0.0526776 -0.408895 
0.307656 -0.206685 0.142105 1.34903 -0.0741306 0.0526776 -0.408895 
0.307656 -0.206693 0.142107 1.34924 -0.0738573 0.0524548 -0.408895 
0.307656 -0.206716 0.142113 1.34966 -0.0738573 0.0523731 -0.408731 
0.307641 -0.206723 0.142118 1.34966 -0.0738573 0.0523731 -0.408731 
0.307641 -0.206731 0.142121 1.34966 -0.0738573 0.0523731 -0.408731 
0.307656 -0.206747 0.142122 1.34966 -0.0738573 0.0523731 -0.408731 
0.307649 -0.20677 0.142122 1.34966 -0.0738573 0.0523731 -0.408731 
0.307641 -0.206777 0.142127 1.34924 -0.0738573 0.0523731 -0.408731 
0.307641 -0.206785 0.142126 1.34945 -0.0738573 0.0523731 -0.408731 
0.307649 -0.206801 0.142129 1.34945 -0.0738573 0.0523731 -0.408731 
0.307633 -0.206793 0.142126 1.34945 -0.0738573 0.0523731 -0.408731 
0.307633 -0.206785 0.142124 1.34945 -0.0738573 0.0523731 -0.408731 
0.307625 -0.20677 0.142121 1.34819 -0.0738573 0.0523731 -0.408731 
0.307579 -0.206747 0.142116 1.34735 -0.0738573 0.0523731 -0.408731 
0.30751 -0.2067 0.142104 1.34672 -0.0741306 0.0526776 -0.408895 
0.307409 -0.206592 0.142078 1.34672 -0.0741306 0.0525143 -0.408568 
0.307255 -0.206422 0.142031 1.34672 -0.073994 0.0524028 -0.408568 
0.307069 -0.206191 0.141973 1.34672 -0.073994 0.0523212 -0.408731 
0.3069 -0.20592 0.141925 1.34672 -0.0742673 0.052544 -0.408731 
0.306737 -0.205588 0.141875 1.34651 -0.0745405 0.0527668 -0.408731 
0.306567 -0.205163 0.141818 1.34693 -0.0748138 0.052908 -0.408568 
0.306405 -0.204685 0.141766 1.34693 -0.0752237 0.0532422 -0.408568 
0.306259 -0.204136 0.141711 1.34756 -0.0752237 0.0532422 -0.408568 
0.306127 -0.203495 0.141649 1.34903 -0.0752237 0.0531606 -0.408405 
0.306027 -0.202831 0.141595 1.35112 -0.0752237 0.0529972 -0.408405 
0.305934 -0.202121 0.141547 1.35322 -0.0752237 0.0528339 -0.408405 
0.305826 -0.201302 0.141494 1.35595 -0.075497 0.0524849 -0.407588 
0.305749 -0.200399 0.141426 1.35867 -0.075497 0.0515048 -0.406281 
0.305695 -0.199379 0.141344 1.36161 -0.075497 0.0512598 -0.406444 
0.305672 -0.198367 0.141268 1.36433 -0.075497 0.0507697 -0.407425 
0.305656 -0.197333 0.141204 1.36685 -0.075497 0.050443 -0.408078 
0.305594 -0.196213 0.14115 1.36748 -0.075497 0.0501979 -0.408568 
0.305502 -0.1949 0.141089 1.36853 -0.075497 0.0497079 -0.409221 
0.305378 -0.193433 0.141014 1.37021 -0.075497 0.0487277 -0.409221 
0.30517 -0.191618 0.140906 1.37188 -0.075497 0.0471758 -0.408078 
0.304868 -0.189664 0.140788 1.37251 -0.075497 0.0457056 -0.406771 
0.304475 -0.187494 0.14066 1.37398 -0.075497 0.0449705 -0.406935 
0.303973 -0.185077 0.140538 1.37587 -0.075497 0.0439087 -0.407751 
0.303432 -0.182706 0.140437 1.37796 -0.075497 0.0430919 -0.409058 
0.302876 -0.180443 0.140358 1.38006 -0.075497 0.0421934 -0.410201 
0.302281 -0.178342 0.140287 1.38195 -0.075497 0.0409682 -0.410365 
0.301733 -0.176612 0.140232 1.38342 -0.075497 0.0399064 -0.409548 
0.301247 -0.175137 0.140188 1.38467 -0.075497 0.039498 -0.408731 
0.300721 -0.173778 0.140144 1.38593 -0.0756336 0.0391194 -0.408405 
0.300243 -0.172643 0.140099 1.38761 -0.0756336 0.0384659 -0.408078 
0.299787 -0.171539 0.140043 1.38929 -0.0757703 0.0379239 -0.408405 
0.29937 -0.17038 0.139976 1.39138 -0.0760435 0.0371666 -0.408731 
0.298984 -0.169245 0.13989 1.39369 -0.0765901 0.0364688 -0.408405 
0.298628 -0.168025 0.139792 1.39558 -0.0771366 0.0352809 -0.408078 
0.298211 -0.166612 0.139684 1.39768 -0.0779564 0.0343975 -0.407261 
0.297818 -0.165175 0.139579 1.39893 -0.0782297 0.0339669 -0.407588 
0.297416 -0.163646 0.139477 1.40019 -0.0782297 0.0333135 -0.408241 
0.297069 -0.162071 0.139392 1.40145 -0.0782297 0.0329051 -0.408405 
0.296736 -0.160402 0.139307 1.40271 -0.0782297 0.0320883 -0.408731 
0.296505 -0.15885 0.13923 1.40376 -0.0782297 0.0313532 -0.408895 
0.296312 -0.157306 0.139158 1.40481 -0.0782297 0.0307814 -0.409385 
0.296211 -0.155684 0.139086 1.40606 -0.0782297 0.0296379 -0.409385 
0.296126 -0.15417 0.139028 1.40711 -0.0782297 0.0286578 -0.408731 
0.29608 -0.152742 0.138983 1.40837 -0.0782297 0.0279227 -0.408568 
0.296026 -0.151344 0.138948 1.40942 -0.0782297 0.0270242 -0.408078 
0.296003 -0.149969 0.138906 1.41089 -0.0782297 0.0259624 -0.408241 
0.29601 -0.148826 0.138849 1.41214 -0.078503 0.0256135 -0.408731 
0.296034 -0.147845 0.138777 1.41424 -0.0786396 0.0252348 -0.409385 
0.296065 -0.146934 0.138688 1.41634 -0.0786396 0.0249898 -0.409548 
0.296188 -0.146077 0.138598 1.41843 -0.0786396 0.0249898 -0.409548 
0.296397 -0.145189 0.138513 1.42053 -0.0786396 0.0249898 -0.409548 
0.296736 -0.144239 0.138436 1.42242 -0.0786396 0.0249898 -0.409548 
0.297138 -0.143243 0.138376 1.42473 -0.0786396 0.0244997 -0.408895 
0.297601 -0.142169 0.138331 1.42661 -0.0786396 0.0233562 -0.406935 
0.298088 -0.140895 0.138289 1.4285 -0.0786396 0.0228661 -0.406935 
0.298528 -0.139551 0.138248 1.43018 -0.0786396 0.0222127 -0.407588 
0.298945 -0.137999 0.138205 1.43206 -0.0786396 0.0213142 -0.408078 
0.2993 -0.13647 0.138156 1.43311 -0.0786396 0.0206608 -0.408405 
0.299571 -0.134995 0.138101 1.43395 -0.0786396 0.0202524 -0.408568 
0.299771 -0.133628 0.138043 1.43416 -0.0783663 0.0195395 -0.408895 
0.299988 -0.132284 0.137979 1.43458 -0.078503 0.0195692 -0.409058 
0.300188 -0.131126 0.137918 1.43458 -0.0783663 0.0194578 -0.409058 
0.300451 -0.129952 0.137865 1.43458 -0.0783663 0.0194578 -0.409058 
0.300822 -0.12884 0.137824 1.43479 -0.0780931 0.0189899 -0.409221 
0.301347 -0.127712 0.1378 1.43563 -0.0776832 0.018329 -0.408895 
0.302119 -0.126469 0.137791 1.4371 -0.0771366 0.0173116 -0.408078 
0.3032 -0.125133 0.137793 1.43961 -0.0760435 0.0160935 -0.407751 
0.304583 -0.123851 0.137799 1.44276 -0.0745405 0.0148679 -0.407751 
0.306382 -0.122492 0.137808 1.44674 -0.0729009 0.0134492 -0.407915 
0.308328 -0.121225 0.13782 1.45073 -0.0715345 0.012335 -0.407915 
0.31039 -0.120082 0.137835 1.4545 -0.0704414 0.0112803 -0.408241 
0.312437 -0.119055 0.13785 1.45723 -0.0693483 0.010389 -0.408241 
0.313526 -0.118561 0.137857 1.45849 -0.0689384 0.00997305 -0.408405 
0.315449 -0.117734 0.137868 1.45932 -0.067982 0.00919313 -0.408405 
0.317433 -0.11697 0.137883 1.46016 -0.0668889 0.00830179 -0.408405 
0.319256 -0.116259 0.137904 1.461 -0.0657958 0.00741044 -0.408405 
0.321063 -0.115549 0.137935 1.46121 -0.0648393 0.00663052 -0.408405 
0.322955 -0.114792 0.137972 1.46121 -0.0638829 0.00585059 -0.408405 
0.324739 -0.114066 0.138004 1.46142 -0.0627898 0.00487757 -0.408241 
0.326469 -0.113348 0.138027 1.46121 -0.0616967 0.00398623 -0.408241 
0.328098 -0.112614 0.138042 1.45974 -0.0606036 0.00309488 -0.408241 
0.329635 -0.111881 0.138048 1.4587 -0.0597838 0.00242638 -0.408241 
0.330902 -0.111263 0.138049 1.45723 -0.058964 0.00175787 -0.408241 
0.332137 -0.110684 0.138054 1.45534 -0.0581441 0.00108936 -0.408568 
0.333203 -0.110212 0.138065 1.45303 -0.0575976 0.00113376 -0.409548 
0.334238 -0.109788 0.138087 1.45115 -0.0567778 0.00079197 -0.410201 
0.335335 -0.10934 0.138121 1.44989 -0.0558213 1.20443e-005 -0.410201 
0.336424 -0.108884 0.138157 1.44779 -0.0551381 -0.000545045 -0.410201 
0.337574 -0.108398 0.138192 1.44653 -0.0541817 -0.00116161 -0.410201 
0.338841 -0.107826 0.138229 1.44402 -0.0536351 -0.00160728 -0.410201 
0.340046 -0.107224 0.138264 1.44276 -0.0530886 -0.00205296 -0.410201 
0.341196 -0.106621 0.138296 1.44087 -0.0524054 -0.00252837 -0.410038 
0.342293 -0.106011 0.138316 1.44003 -0.0517222 -0.00308546 -0.410038 
0.343235 -0.105448 0.138328 1.43982 -0.0509024 -0.00367229 -0.409875 
0.344092 -0.10493 0.138337 1.43857 -0.0500826 -0.00425911 -0.409711 
0.345027 -0.104451 0.138349 1.43836 -0.0492628 -0.00484594 -0.409548 
0.345969 -0.104034 0.138358 1.43731 -0.0485796 -0.00540303 -0.409548 
0.347073 -0.103571 0.138366 1.43647 -0.0476231 -0.00610128 -0.409385 
0.348239 -0.10303 0.138376 1.43521 -0.0466667 -0.00679953 -0.409221 
0.349521 -0.102374 0.138389 1.43416 -0.045437 -0.00772061 -0.409058 
0.350888 -0.10164 0.13841 1.43332 -0.043934 -0.00886453 -0.408895 
0.352271 -0.100876 0.138437 1.43227 -0.0427042 -0.00978561 -0.408731 
0.35373 -0.100103 0.138468 1.43186 -0.0416111 -0.010677 -0.408731 
0.355244 -0.099362 0.138498 1.43081 -0.040518 -0.0114866 -0.408568 
0.356719 -0.0986901 0.138524 1.43018 -0.0391517 -0.0125191 -0.408405 
0.358294 -0.0980414 0.138557 1.42934 -0.0377853 -0.0135516 -0.408241 
0.359862 -0.0974931 0.138596 1.4285 -0.0365556 -0.0145544 -0.407915 
0.361492 -0.0970066 0.138656 1.42787 -0.0353259 -0.0153938 -0.407915 
0.363337 -0.0965664 0.138739 1.42682 -0.0338229 -0.0162927 -0.407915 
0.365183 -0.0962111 0.138824 1.42577 -0.0325931 -0.016887 -0.408078 
0.367137 -0.0959254 0.138911 1.4241 -0.0315 -0.0172883 -0.408078 
0.369222 -0.0957091 0.138997 1.42305 -0.0309535 -0.0176523 -0.408241 
0.37123 -0.0955933 0.139069 1.42158 -0.0304069 -0.0178529 -0.408405 
0.373099 -0.0955547 0.139137 1.41927 -0.029997 -0.0177788 -0.408241 
0.374898 -0.0955392 0.139203 1.4176 -0.0298604 -0.0174818 -0.408405 
0.376489 -0.095547 0.13926 1.41529 -0.0297238 -0.0172665 -0.408405 
0.377941 -0.095547 0.139316 1.41298 -0.0297238 -0.0168581 -0.408568 
0.379331 -0.0955701 0.139366 1.4111 -0.0295871 -0.0164795 -0.408568 
0.380544 -0.0955933 0.139409 1.41047 -0.0295871 -0.0159894 -0.408568 
0.381617 -0.0955933 0.139445 1.409 -0.0295871 -0.0154176 -0.408731 
0.382551 -0.0956396 0.139474 1.40753 -0.0295871 -0.0147642 -0.408731 
0.38337 -0.095686 0.139491 1.4069 -0.0295871 -0.0141925 -0.408895 
0.384065 -0.0957169 0.139502 1.40669 -0.0295871 -0.013539 -0.408895 
0.384667 -0.0957323 0.13951 1.40669 -0.0295871 -0.0131306 -0.408731 
0.385169 -0.0957478 0.139522 1.40669 -0.0295871 -0.0125589 -0.408895 
0.385641 -0.0957709 0.139537 1.40648 -0.0294505 -0.0120169 -0.408895 
0.386127 -0.0957941 0.139559 1.40585 -0.0294505 -0.0114451 -0.408731 
0.386637 -0.095825 0.139584 1.40564 -0.0294505 -0.0111184 -0.408731 
0.387247 -0.0958945 0.13961 1.40564 -0.0294505 -0.0109551 -0.408731 
0.387865 -0.095964 0.139631 1.40564 -0.0295871 -0.0106803 -0.408731 
0.388567 -0.0960721 0.139654 1.40564 -0.0295871 -0.0105986 -0.408568 
0.389309 -0.0962188 0.139683 1.40543 -0.0294505 -0.0105467 -0.408568 
0.390089 -0.0963887 0.139711 1.4046 -0.0293138 -0.0104947 -0.408568 
0.390861 -0.0965818 0.139737 1.40418 -0.0291772 -0.0103611 -0.408731 
0.391641 -0.0967749 0.139762 1.40397 -0.0289039 -0.0103389 -0.408568 
0.39239 -0.0969602 0.139786 1.40397 -0.0286307 -0.010235 -0.408568 
0.393039 -0.0971147 0.139808 1.40397 -0.028494 -0.0101831 -0.408568 
0.393672 -0.0972537 0.139834 1.40376 -0.0282208 -0.0100792 -0.408568 
0.394259 -0.097385 0.139851 1.40376 -0.0278108 -0.0103318 -0.408731 
0.394715 -0.0974854 0.139859 1.40376 -0.0275376 -0.0104729 -0.408568 
0.395024 -0.0975703 0.13986 1.40418 -0.0272643 -0.0106958 -0.408568 
0.395132 -0.0976475 0.139858 1.40418 -0.0272643 -0.0106958 -0.408568 
0.395124 -0.097717 0.139858 1.40418 -0.0271277 -0.0107255 -0.408731 
0.395085 -0.0977943 0.139852 1.40418 -0.0271277 -0.0107255 -0.408731 
0.395031 -0.0978947 0.13985 1.40418 -0.0271277 -0.0107255 -0.408731 
0.394923 -0.0980182 0.139847 1.40397 -0.0271277 -0.0106438 -0.408568 
0.394638 -0.0981881 0.139841 1.40355 -0.0271277 -0.0106438 -0.408568 
0.394143 -0.0984353 0.139828 1.40229 -0.026991 -0.0105919 -0.408568 
0.393471 -0.0987596 0.139808 1.39998 -0.026991 -0.0105919 -0.408568 
0.392576 -0.0991921 0.13978 1.39474 -0.026991 -0.0105102 -0.408405 
0.391579 -0.0996477 0.139744 1.39243 -0.026991 -0.0105102 -0.408405 
0.390436 -0.100119 0.139699 1.39243 -0.0271277 -0.0103988 -0.408405 
0.389232 -0.100582 0.139653 1.39369 -0.0271277 -0.0103988 -0.408405 
0.387826 -0.10103 0.139607 1.39579 -0.0274009 -0.0100126 -0.408405 
0.38632 -0.101401 0.139567 1.3981 -0.0276742 -0.00970809 -0.408568 
0.384683 -0.101741 0.139532 1.40082 -0.0279475 -0.00940357 -0.408405 
0.382922 -0.102065 0.139505 1.40292 -0.0282208 -0.00909906 -0.408568 
0.381347 -0.102358 0.139484 1.40355 -0.028494 -0.00887622 -0.408568 
0.379872 -0.102675 0.139471 1.40376 -0.0287673 -0.00857171 -0.408731 
0.378543 -0.103023 0.139458 1.40397 -0.0289039 -0.00829693 -0.408731 
0.377385 -0.103362 0.139442 1.40397 -0.0290406 -0.00818552 -0.408731 
0.376304 -0.103718 0.139422 1.40397 -0.0293138 -0.00796268 -0.408731 
0.375145 -0.104166 0.139396 1.40648 -0.0297238 -0.00762843 -0.408731 
0.374049 -0.104652 0.139372 1.40963 -0.029997 -0.00740559 -0.408731 
0.372906 -0.105216 0.139349 1.4111 -0.0302703 -0.00710108 -0.408568 
0.371701 -0.105895 0.13933 1.41172 -0.0305436 -0.00679656 -0.408731 
0.370589 -0.106583 0.139321 1.41214 -0.0309535 -0.00638063 -0.408568 
0.369546 -0.107293 0.139317 1.41193 -0.0312268 -0.00591276 -0.408731 
0.368481 -0.108066 0.13932 1.41193 -0.0316367 -0.00533347 -0.408895 
0.367523 -0.108768 0.139324 1.41193 -0.0321832 -0.00480612 -0.408731 
0.366542 -0.109432 0.139329 1.41172 -0.033003 -0.00372921 -0.408895 
0.365492 -0.110066 0.139331 1.41466 -0.0336862 -0.00276373 -0.409058 
0.364465 -0.110637 0.139337 1.41843 -0.0342328 -0.0021547 -0.409058 
0.363415 -0.111178 0.139338 1.42053 -0.0346427 -0.00149373 -0.408731 
0.362318 -0.111757 0.139335 1.42158 -0.0350526 -0.000914444 -0.408568 
0.361298 -0.112367 0.139337 1.42158 -0.0353259 -0.000609929 -0.408405 
0.360333 -0.113039 0.139337 1.42158 -0.0357358 -0.000112318 -0.408405 
0.35946 -0.113719 0.139335 1.42179 -0.0362823 0.00057839 -0.408568 
0.358688 -0.114491 0.139339 1.42137 -0.0364189 0.000689807 -0.408568 
0.358101 -0.115255 0.139346 1.42053 -0.0366922 0.000994322 -0.408731 
0.357576 -0.116082 0.139365 1.41969 -0.0368289 0.00118742 -0.408568 
0.357175 -0.116931 0.139391 1.41969 -0.0368289 0.00118742 -0.408568 
0.356804 -0.117866 0.139429 1.41969 -0.0368289 0.00118742 -0.408568 
0.356479 -0.118862 0.139465 1.4199 -0.0368289 0.00118742 -0.408568 
0.356093 -0.119997 0.139501 1.41948 -0.0368289 0.00118742 -0.408568 
0.355769 -0.121094 0.139531 1.41927 -0.0368289 0.00118742 -0.408568 
0.355391 -0.122198 0.139558 1.41885 -0.0368289 0.0012691 -0.408731 
0.35502 -0.123318 0.139584 1.41781 -0.0368289 0.00135078 -0.408568 
0.354595 -0.124499 0.139619 1.41676 -0.0368289 0.00135078 -0.408568 
0.35407 -0.12589 0.13967 1.4155 -0.0371021 0.00157361 -0.408568 
0.353475 -0.127365 0.139736 1.41487 -0.0371021 0.00165529 -0.408405 
0.352788 -0.129102 0.139816 1.41613 -0.0369655 0.00154387 -0.408405 
0.352047 -0.130848 0.139895 1.41843 -0.0369655 0.00170723 -0.408405 
0.351274 -0.132747 0.139973 1.42032 -0.0369655 0.00170723 -0.408405 
0.350587 -0.134524 0.140038 1.422 -0.0369655 0.00178891 -0.408568 
0.349969 -0.136238 0.140086 1.42284 -0.0371021 0.00198201 -0.408731 
0.349452 -0.13779 0.140121 1.42389 -0.0371021 0.00214536 -0.408731 
0.349035 -0.139265 0.140149 1.42452 -0.0371021 0.00214536 -0.408731 
0.348664 -0.140516 0.140174 1.42473 -0.0372388 0.00242014 -0.408731 
0.34834 -0.14169 0.140195 1.42515 -0.0373754 0.00293995 -0.408895 
0.347954 -0.142887 0.14021 1.42515 -0.0376487 0.00340782 -0.409058 
0.347614 -0.144007 0.140221 1.42473 -0.0379219 0.00395737 -0.409058 
0.347143 -0.145127 0.140227 1.42473 -0.0381952 0.00450692 -0.409058 
0.346757 -0.1461 0.14023 1.42431 -0.0384685 0.00505647 -0.408731 
0.346347 -0.146988 0.140232 1.42368 -0.0388784 0.00563576 -0.408568 
0.345977 -0.147807 0.14024 1.42284 -0.0391517 0.00610364 -0.408405 
0.345683 -0.148633 0.140258 1.42179 -0.0392883 0.00646009 -0.408568 
0.345513 -0.149498 0.140293 1.42095 -0.0394249 0.00673487 -0.408568 
0.345459 -0.150448 0.140342 1.42032 -0.0395616 0.00692796 -0.408405 
0.345436 -0.15156 0.140406 1.4199 -0.0395616 0.00700964 -0.408568 
0.345436 -0.152695 0.140454 1.4199 -0.0395616 0.00725468 -0.408405 
0.345436 -0.15329 0.140468 1.41969 -0.0395616 0.00741804 -0.408405 
0.345413 -0.154402 0.140485 1.41948 -0.0395616 0.00766307 -0.408241 
0.345405 -0.15546 0.14049 1.41927 -0.0395616 0.00807146 -0.408405 
0.345413 -0.156456 0.140493 1.41906 -0.0395616 0.00847986 -0.408568 
0.345397 -0.157329 0.140494 1.41906 -0.0395616 0.00872489 -0.408405 
0.345366 -0.158248 0.14051 1.41885 -0.0395616 0.00896993 -0.408568 
0.34532 -0.159136 0.140538 1.41885 -0.0395616 0.00921497 -0.408405 
0.345289 -0.160055 0.140586 1.41843 -0.0395616 0.00937832 -0.408405 
0.345181 -0.161005 0.140644 1.41843 -0.0395616 0.00937832 -0.408405 
0.345073 -0.162017 0.140709 1.41843 -0.0395616 0.00946 -0.408568 
0.344903 -0.16299 0.14077 1.41843 -0.0395616 0.00954168 -0.408405 
0.34478 -0.164017 0.14084 1.41843 -0.0392883 0.00931885 -0.408405 
0.344664 -0.16516 0.140922 1.41843 -0.0394249 0.00943026 -0.408405 
0.344579 -0.166303 0.140998 1.41885 -0.0394249 0.00951194 -0.408568 
0.344486 -0.167569 0.141077 1.41864 -0.0394249 0.00951194 -0.408568 
0.344409 -0.168813 0.141149 1.41864 -0.0394249 0.00951194 -0.408568 
0.344278 -0.17004 0.141203 1.41864 -0.0394249 0.00951194 -0.408568 
0.344092 -0.171261 0.141242 1.41906 -0.0394249 0.00959362 -0.408731 
0.34393 -0.172311 0.141277 1.41906 -0.0394249 0.00983866 -0.408895 
0.343722 -0.173184 0.141312 1.41927 -0.0394249 0.00992034 -0.408731 
0.343528 -0.173964 0.141351 1.41948 -0.0394249 0.0100837 -0.408731 
0.343374 -0.174666 0.141385 1.41948 -0.0394249 0.0102471 -0.408731 
0.34325 -0.175207 0.141403 1.4199 -0.0391517 0.0100242 -0.408731 
0.343165 -0.175609 0.141409 1.42011 -0.0391517 0.0100242 -0.408731 
0.343104 -0.175902 0.141414 1.42053 -0.0391517 0.0100242 -0.408731 
0.343026 -0.176041 0.141414 1.42053 -0.0391517 0.0100242 -0.408731 
0.342911 -0.176087 0.141413 1.42095 -0.0391517 0.0101059 -0.408568 
0.34281 -0.176095 0.141413 1.42095 -0.0391517 0.0101059 -0.408568 
0.342679 -0.176118 0.141413 1.42074 -0.0391517 0.0101059 -0.408568 
0.342602 -0.176126 0.141414 1.42074 -0.0391517 0.0101059 -0.408568 
0.342555 -0.176172 0.141414 1.42116 -0.0391517 0.0101059 -0.408568 
0.342548 -0.17625 0.14142 1.42116 -0.0392883 0.0102173 -0.408568 
0.342548 -0.176381 0.141434 1.42116 -0.0391517 0.0101059 -0.408568 
0.342548 -0.176612 0.141456 1.42116 -0.0388784 0.00996474 -0.408405 
0.342548 -0.176983 0.141496 1.42137 -0.0388784 0.00996474 -0.408405 
0.342532 -0.177547 0.141554 1.42158 -0.0386051 0.00990526 -0.408405 
0.34254 -0.178404 0.141621 1.42179 -0.0384685 0.00979384 -0.408405 
0.34254 -0.179431 0.141679 1.422 -0.0380586 0.00954127 -0.408241 
0.342548 -0.180698 0.141739 1.42263 -0.0377853 0.00931843 -0.408241 
0.342555 -0.181995 0.141792 1.42305 -0.0373754 0.00906586 -0.408405 
0.342563 -0.183308 0.141844 1.42368 -0.0369655 0.0087316 -0.408405 
0.342571 -0.184621 0.141908 1.42473 -0.0357358 0.0078922 -0.408405 
0.342586 -0.186065 0.141978 1.42535 -0.0350526 0.00766182 -0.408731 
0.342617 -0.187494 0.142028 1.42598 -0.034506 0.0081963 -0.409058 
0.342633 -0.188953 0.142073 1.4264 -0.0340961 0.00827044 -0.408895 
0.34264 -0.190544 0.142118 1.42682 -0.0340961 0.00859715 -0.408568 
0.34264 -0.192019 0.142156 1.42724 -0.0340961 0.00876051 -0.408568 
0.342648 -0.193463 0.142195 1.42724 -0.0340961 0.00925058 -0.408568 
0.342671 -0.194908 0.142235 1.42745 -0.0340961 0.00949562 -0.408405 
0.342687 -0.196267 0.14228 1.42787 -0.0339595 0.00971092 -0.408405 
0.342671 -0.197595 0.142332 1.42829 -0.0339595 0.00971092 -0.408405 
0.342671 -0.199016 0.142389 1.4285 -0.0342328 0.0100971 -0.408405 
0.342671 -0.200383 0.142455 1.42892 -0.0343694 0.0102902 -0.408568 
0.342664 -0.201789 0.142551 1.42997 -0.0343694 0.0102902 -0.408568 
0.342656 -0.203341 0.142687 1.43248 -0.0343694 0.0103719 -0.408731 
0.342656 -0.204847 0.142835 1.43521 -0.0342328 0.0102605 -0.408731 
0.34264 -0.206376 0.142983 1.43626 -0.0339595 0.0100376 -0.408731 
0.342633 -0.207666 0.143126 1.4371 -0.0331397 0.0094508 -0.408568 
0.34264 -0.208755 0.143275 1.4371 -0.0320466 0.00855946 -0.408568 
0.342617 -0.209496 0.143417 1.4371 -0.0310901 0.00777953 -0.408568 
0.342602 -0.210021 0.143564 1.4371 -0.0302703 0.00702935 -0.408405 
0.342594 -0.210392 0.143706 1.43668 -0.0298604 0.00669509 -0.408405 
0.342563 -0.210616 0.143839 1.43626 -0.0291772 0.006138 -0.408405 
0.342509 -0.210755 0.143972 1.43584 -0.028494 0.00558091 -0.408405 
0.342447 -0.210832 0.144111 1.43584 -0.0275376 0.00471931 -0.408568 
0.342355 -0.210855 0.14426 1.43626 -0.0263078 0.00355319 -0.408568 
0.342223 -0.210847 0.144409 1.43605 -0.0252148 0.00258017 -0.408731 
0.342053 -0.210847 0.144566 1.43605 -0.0237117 0.00110954 -0.408895 
0.341907 -0.21084 0.144721 1.43584 -0.0223454 -0.000413037 -0.409058 
0.341791 -0.210832 0.14487 1.43542 -0.0208424 -0.00196535 -0.408731 
0.341745 -0.210816 0.145003 1.43542 -0.0190661 -0.00398553 -0.408895 
0.341706 -0.210786 0.145117 1.43479 -0.0174265 -0.0058943 -0.408731 
0.341706 -0.210701 0.145206 1.43437 -0.0159235 -0.00769165 -0.408568 
0.341706 -0.210523 0.145286 1.43416 -0.0142838 -0.00968209 -0.408568 
0.341714 -0.210222 0.145368 1.43458 -0.0127808 -0.0116428 -0.408731 
0.34169 -0.209743 0.145469 1.43458 -0.0111412 -0.014205 -0.408568 
0.341698 -0.209094 0.145587 1.43458 -0.00950155 -0.0166855 -0.408568 
0.341721 -0.208137 0.145726 1.43416 -0.00799855 -0.019708 -0.408241 
0.341729 -0.206971 0.145856 1.43416 -0.00635891 -0.0233321 -0.407915 
0.341729 -0.20555 0.145985 1.43395 -0.0055391 -0.0259609 -0.406281 
0.341737 -0.203874 0.14611 1.43374 -0.00485591 -0.0282332 -0.406118 
0.341745 -0.202136 0.146204 1.43416 -0.00430937 -0.0301491 -0.407098 
0.341745 -0.200236 0.146285 1.43437 -0.00417273 -0.0322208 -0.408078 
0.341752 -0.198391 0.146364 1.43542 -0.00417273 -0.0335277 -0.408405 
0.341783 -0.196506 0.146454 1.43584 -0.00417273 -0.0344261 -0.408568 
0.341829 -0.194769 0.146549 1.4371 -0.00417273 -0.0356513 -0.408731 
0.341899 -0.193077 0.146646 1.43794 -0.00403609 -0.0369062 -0.408405 
0.341945 -0.191649 0.146725 1.4394 -0.00403609 -0.0373963 -0.408078 
0.341999 -0.19049 0.146798 1.44129 -0.00403609 -0.037723 -0.408078 
0.342084 -0.189509 0.146864 1.44255 -0.00417273 -0.037775 -0.408078 
0.342177 -0.188814 0.146909 1.44276 -0.00430937 -0.0377452 -0.408241 
0.342285 -0.188282 0.146943 1.44318 -0.00458264 -0.0376857 -0.408241 
0.34244 -0.187834 0.146972 1.4436 -0.00471928 -0.037656 -0.408078 
0.342571 -0.187455 0.146996 1.44444 -0.00499255 -0.0375148 -0.408241 
0.342656 -0.187085 0.147011 1.44507 -0.00526582 -0.0373737 -0.408405 
0.342702 -0.186752 0.14702 1.44569 -0.0055391 -0.0373142 -0.408405 
0.342718 -0.186436 0.147027 1.44632 -0.00581237 -0.037173 -0.408568 
0.34271 -0.186104 0.147033 1.44695 -0.00622228 -0.0370021 -0.408568 
0.342718 -0.185756 0.147038 1.44779 -0.00649555 -0.0371877 -0.408405 
0.342725 -0.185308 0.147042 1.44905 -0.00676882 -0.0377 -0.407915 
0.342718 -0.184799 0.147048 1.45031 -0.0070421 -0.0377222 -0.407751 
0.34271 -0.184219 0.147056 1.45157 -0.00731537 -0.0378261 -0.407751 
0.34271 -0.183617 0.14706 1.45282 -0.00758864 -0.0378483 -0.407915 
0.34271 -0.183092 0.147062 1.45387 -0.00799855 -0.0376774 -0.407915 
0.342702 -0.182775 0.147061 1.4545 -0.00827183 -0.0376179 -0.407915 
0.34271 -0.182644 0.147062 1.45471 -0.0085451 -0.0374767 -0.408078 
0.34271 -0.182621 0.147064 1.45492 -0.00868173 -0.037447 -0.408241 
0.34271 -0.182621 0.147066 1.45534 -0.00881837 -0.0373356 -0.408241 
0.34271 -0.182605 0.147068 1.45534 -0.00881837 -0.0374989 -0.408241 
0.342718 -0.182574 0.147066 1.45534 -0.00881837 -0.0374989 -0.408241 
0.34271 -0.182574 0.147065 1.45534 -0.00895501 -0.0373875 -0.408241 
0.34271 -0.182582 0.147065 1.45555 -0.00909164 -0.0373578 -0.408405 
0.342718 -0.182567 0.147065 1.45555 -0.00895501 -0.0375509 -0.408241 
0.342748 -0.182567 0.147068 1.45555 -0.00922828 -0.037328 -0.408241 
0.342911 -0.182559 0.147074 1.45534 -0.00922828 -0.037328 -0.408241 
0.343235 -0.182551 0.147097 1.45534 -0.00922828 -0.037328 -0.408241 
0.343822 -0.182544 0.147141 1.45513 -0.00922828 -0.037328 -0.408241 
0.344548 -0.182474 0.147202 1.45345 -0.00936492 -0.0372166 -0.408241 
0.345413 -0.182366 0.14727 1.4522 -0.00936492 -0.0372166 -0.408241 
0.346332 -0.182196 0.147336 1.4501 -0.00936492 -0.0371349 -0.408405 
0.347251 -0.181949 0.147405 1.44884 -0.00936492 -0.0371349 -0.408405 
0.348085 -0.181686 0.147469 1.44758 -0.00936492 -0.0371349 -0.408405 
0.348903 -0.181416 0.147536 1.44653 -0.00922828 -0.0372464 -0.408405 
0.349846 -0.181107 0.147624 1.4459 -0.00922828 -0.0372464 -0.408405 
0.350664 -0.180806 0.147714 1.44402 -0.00909164 -0.0373578 -0.408405 
0.351429 -0.180489 0.147823 1.44192 -0.00881837 -0.0375806 -0.408405 
0.352023 -0.180149 0.147954 1.43961 -0.00827183 -0.0380263 -0.408405 
0.352518 -0.179763 0.148103 1.4371 -0.00772528 -0.0383903 -0.408568 
0.352904 -0.17937 0.148245 1.435 -0.00731537 -0.0388062 -0.408405 
0.353259 -0.17896 0.148372 1.43416 -0.00663219 -0.0393633 -0.408731 
0.353645 -0.178543 0.148492 1.43395 -0.005949 -0.0400021 -0.408895 
0.354085 -0.178157 0.148609 1.43395 -0.00540246 -0.0405294 -0.409058 
0.354595 -0.177755 0.148716 1.43374 -0.00458264 -0.0412796 -0.409221 
0.355097 -0.177338 0.148808 1.43416 -0.00362618 -0.0421412 -0.409385 
0.355607 -0.176867 0.148904 1.43458 -0.00266973 -0.0430028 -0.409221 
0.356124 -0.176334 0.149015 1.43458 -0.00144 -0.0440056 -0.409221 
0.356618 -0.175701 0.149155 1.43563 6.30011e-005 -0.0455579 -0.408895 
0.35685 -0.175392 0.149219 1.43563 0.000609547 -0.0460852 -0.408731 
0.357368 -0.174713 0.149362 1.43605 0.00211255 -0.0475559 -0.408568 
0.357885 -0.17401 0.149485 1.43773 0.00347891 -0.0492418 -0.408405 
0.358372 -0.173315 0.149601 1.43898 0.00443537 -0.0506751 -0.408405 
0.358889 -0.172612 0.149703 1.43961 0.00552846 -0.0518932 -0.408405 
0.35936 -0.171971 0.149792 1.43982 0.00621164 -0.0528587 -0.408241 
0.359847 -0.171322 0.14986 1.44066 0.00689483 -0.0534975 -0.408405 
0.360318 -0.170782 0.149905 1.44192 0.00744137 -0.0541065 -0.408405 
0.360789 -0.170342 0.149944 1.44339 0.00785128 -0.0548491 -0.408241 
0.361198 -0.169979 0.149989 1.44444 0.00826119 -0.0554284 -0.408405 
0.361561 -0.169701 0.15004 1.44465 0.00853446 -0.055978 -0.408405 
0.3618 -0.169538 0.150081 1.44465 0.00880774 -0.0565275 -0.408405 
0.361947 -0.169454 0.150114 1.44465 0.00894437 -0.0570473 -0.408241 
0.36197 -0.169415 0.150137 1.44465 0.00908101 -0.0575671 -0.408078 
0.361963 -0.169407 0.150154 1.44423 0.00908101 -0.0578122 -0.408241 
0.361955 -0.169392 0.150162 1.44423 0.00908101 -0.0580572 -0.408405 
0.361947 -0.169399 0.150166 1.44423 0.00908101 -0.0581389 -0.408241 
0.361947 -0.169392 0.150168 1.44402 0.00908101 -0.0581389 -0.408241 
0.361932 -0.169392 0.15017 1.4436 0.00908101 -0.0583023 -0.408241 
0.361924 -0.169392 0.150176 1.4436 0.00921765 -0.058577 -0.408241 
0.361939 -0.169376 0.150192 1.44339 0.00921765 -0.0586587 -0.408405 
0.361924 -0.169392 0.15022 1.44339 0.00921765 -0.0588221 -0.408405 
0.361901 -0.169384 0.150268 1.44318 0.00921765 -0.0589854 -0.408405 
0.361893 -0.169384 0.15032 1.44318 0.00921765 -0.0591488 -0.408405 
0.361909 -0.169384 0.150351 1.44276 0.00921765 -0.0593121 -0.408405 
0.361885 -0.169399 0.150365 1.44276 0.00921765 -0.0596389 -0.408405 
0.36187 -0.169399 0.150371 1.44234 0.00921765 -0.0598022 -0.408405 
0.361855 -0.169399 0.150373 1.44255 0.00921765 -0.0598839 -0.408568 
0.361855 -0.169392 0.150376 1.44213 0.00921765 -0.0599656 -0.408405 
0.361862 -0.169392 0.150377 1.44213 0.00908101 -0.0602625 -0.408568 
0.361847 -0.169392 0.150376 1.44213 0.00908101 -0.0607526 -0.408568 
0.361839 -0.169392 0.150378 1.44213 0.00908101 -0.0609977 -0.408731 
0.361847 -0.169407 0.150378 1.44213 0.00908101 -0.061161 -0.408731 
0.361847 -0.169407 0.150378 1.44213 0.00908101 -0.0613244 -0.408731 
0.361824 -0.169399 0.150378 1.44213 0.00908101 -0.0613244 -0.408731 
0.361816 -0.169407 0.150378 1.44213 0.00908101 -0.0614877 -0.408731 
0.361824 -0.169399 0.15038 1.44213 0.00908101 -0.0614877 -0.408731 
0.361816 -0.169399 0.15038 1.44213 0.00908101 -0.0615694 -0.408568 
0.3618 -0.169407 0.15038 1.44213 0.00908101 -0.0616511 -0.408731 
0.361808 -0.169399 0.150377 1.44213 0.00908101 -0.0617328 -0.408568 
0.361754 -0.169399 0.150376 1.44213 0.00908101 -0.0617328 -0.408568 
0.361623 -0.169407 0.150373 1.44213 0.00908101 -0.0617328 -0.408568 
0.361476 -0.169423 0.150365 1.44171 0.00908101 -0.0618961 -0.408568 
0.361275 -0.169438 0.15035 1.44108 0.00908101 -0.0618961 -0.408568 
0.360997 -0.169454 0.150319 1.44003 0.00908101 -0.0619778 -0.408731 
0.360619 -0.169508 0.150263 1.43563 0.00908101 -0.0620595 -0.408895 
0.360094 -0.1696 0.150172 1.43227 0.00908101 -0.0623862 -0.408895 
0.359453 -0.169762 0.15007 1.42892 0.00908101 -0.0632847 -0.409058 
0.35858 -0.170048 0.149951 1.42577 0.00908101 -0.0640198 -0.409221 
0.357576 -0.170434 0.149836 1.42431 0.00908101 -0.0648366 -0.409221 
0.356402 -0.17099 0.149704 1.42556 0.00908101 -0.0652449 -0.409058 
0.355136 -0.171701 0.149562 1.42766 0.00908101 -0.06549 -0.408895 
0.353715 -0.172573 0.14941 1.4306 0.00908101 -0.0656533 -0.408895 
0.351993 -0.17367 0.149244 1.43269 0.00908101 -0.0658167 -0.408895 
0.350255 -0.174859 0.149094 1.43311 0.00908101 -0.0664701 -0.409548 
0.34844 -0.176265 0.148926 1.43332 0.00921765 -0.0668266 -0.409058 
0.346818 -0.177717 0.148772 1.43311 0.00935428 -0.0670197 -0.408895 
0.345312 -0.17937 0.148614 1.43186 0.00976419 -0.0674356 -0.409058 
0.344038 -0.181007 0.148477 1.43018 0.0101741 -0.0677699 -0.409058 
0.342818 -0.182791 0.148338 1.42997 0.010584 -0.0681041 -0.409058 
0.341783 -0.184436 0.148216 1.43018 0.0107206 -0.0682155 -0.409058 
0.340918 -0.185949 0.148101 1.43248 0.0107206 -0.0682972 -0.409221 
0.340154 -0.187339 0.147978 1.43479 0.0107206 -0.0682972 -0.409221 
0.339628 -0.188413 0.147869 1.43689 0.0109939 -0.0686017 -0.409058 
0.339227 -0.189247 0.147773 1.43794 0.0109939 -0.0686017 -0.409058 
0.338957 -0.189865 0.14769 1.43877 0.0109939 -0.0686017 -0.409058 
0.338632 -0.190344 0.14762 1.43919 0.0109939 -0.0686017 -0.409058 
0.338277 -0.190676 0.147558 1.43919 0.0109939 -0.0686017 -0.409058 
0.337721 -0.191 0.147489 1.43982 0.0109939 -0.0685201 -0.408895 
0.337049 -0.191293 0.147414 1.44276 0.0109939 -0.0685201 -0.408895 
0.336176 -0.19161 0.147324 1.44926 0.0109939 -0.0685201 -0.408895 
0.335088 -0.191973 0.147213 1.45534 0.0107206 -0.0682972 -0.408895 
0.33389 -0.192344 0.147099 1.461 0.0108573 -0.0684086 -0.408895 
0.3325 -0.192753 0.146974 1.46478 0.0107206 -0.0682155 -0.408731 
0.331126 -0.193162 0.146851 1.46603 0.0103107 -0.0678813 -0.408731 
0.329689 -0.193595 0.146715 1.46729 0.00976419 -0.0673539 -0.408568 
0.328338 -0.194012 0.146578 1.47107 0.00949092 -0.0671311 -0.408568 
0.326909 -0.194444 0.146409 1.47862 0.00880774 -0.0664107 -0.408568 
0.325604 -0.194807 0.146239 1.48533 0.00798792 -0.0656605 -0.408405 
0.324222 -0.195132 0.146062 1.48952 0.00689483 -0.0646874 -0.408241 
0.322716 -0.195456 0.14587 1.49183 0.00539182 -0.0628901 -0.408405 
0.321133 -0.195734 0.145691 1.49539 0.00402546 -0.0606324 -0.410365 
0.31948 -0.195989 0.145513 1.50231 0.00224919 -0.0590206 -0.410038 
0.317673 -0.196213 0.145333 1.50965 -0.000620181 -0.0565992 -0.409875 
0.315897 -0.19636 0.145161 1.51531 -0.00307964 -0.054512 -0.409711 
0.314012 -0.196444 0.144979 1.51992 -0.00608564 -0.0518974 -0.409385 
0.312251 -0.196475 0.14482 1.52454 -0.00868173 -0.0496988 -0.409221 
0.310537 -0.196483 0.144658 1.52831 -0.011961 -0.0468614 -0.408895 
0.308877 -0.196483 0.144489 1.53272 -0.0155136 -0.0438829 -0.409058 
0.307502 -0.196483 0.144321 1.53565 -0.0186562 -0.0412386 -0.408895 
0.306212 -0.19646 0.144135 1.53796 -0.0220721 -0.0382898 -0.408895 
0.305116 -0.196452 0.143944 1.53838 -0.0252148 -0.0354821 -0.408731 
0.304081 -0.196444 0.143759 1.53859 -0.0276742 -0.0333132 -0.408731 
0.302961 -0.196414 0.143584 1.53838 -0.0301337 -0.0310627 -0.408568 
0.301725 -0.196375 0.143435 1.54026 -0.0324565 -0.0290869 -0.408405 
0.300235 -0.196282 0.143293 1.54404 -0.0340961 -0.0273415 -0.408568 
0.298667 -0.196151 0.143158 1.54781 -0.036009 -0.0256183 -0.408568 
0.296875 -0.195981 0.143004 1.5518 -0.0381952 -0.0238356 -0.408568 
0.295107 -0.195773 0.142847 1.55557 -0.0406547 -0.0217484 -0.408405 
0.293323 -0.195456 0.142686 1.55872 -0.0429775 -0.0197726 -0.408568 
0.291724 -0.195039 0.142534 1.55998 -0.045437 -0.0176037 -0.408568 
0.290203 -0.194514 0.142394 1.5604 -0.0476231 -0.0156577 -0.408568 
0.288658 -0.193904 0.142283 1.5606 -0.0500826 -0.0136522 -0.408568 
0.287183 -0.193317 0.142183 1.56144 -0.0521321 -0.0119809 -0.408568 
0.285647 -0.192761 0.142091 1.56438 -0.0539084 -0.0104508 -0.408731 
0.284249 -0.192259 0.141998 1.56773 -0.0555481 -0.00911377 -0.408731 
0.282843 -0.191726 0.141902 1.57256 -0.0569144 -0.0079996 -0.408731 
0.281638 -0.191162 0.141796 1.57738 -0.0578709 -0.00721967 -0.408731 
0.280534 -0.190552 0.141694 1.58136 -0.058964 -0.00632833 -0.408731 
0.279569 -0.189849 0.141595 1.5843 -0.0599204 -0.0055484 -0.408731 
0.278843 -0.189154 0.141512 1.58682 -0.0603303 -0.00521415 -0.408731 
0.278287 -0.188405 0.141442 1.58891 -0.060467 -0.00510273 -0.408405 
0.277862 -0.187617 0.14139 1.59038 -0.060467 -0.00510273 -0.408405 
0.277538 -0.186722 0.14135 1.59143 -0.0606036 -0.00515467 -0.408405 
0.277291 -0.185656 0.141312 1.59248 -0.060467 -0.00534777 -0.408241 
0.277113 -0.184513 0.141273 1.59353 -0.0601937 -0.00581564 -0.407751 
0.276989 -0.183285 0.141221 1.59436 -0.0601937 -0.00606067 -0.407588 
0.276912 -0.181926 0.141153 1.59562 -0.0600571 -0.00658049 -0.407425 
0.276835 -0.180528 0.141075 1.59667 -0.0599204 -0.00701862 -0.407425 
0.276727 -0.178952 0.140996 1.59793 -0.0596471 -0.00773153 -0.407425 
0.276619 -0.177447 0.140935 1.59898 -0.0592372 -0.00904593 -0.407425 
0.276487 -0.175856 0.140888 1.60003 -0.0591006 -0.0103008 -0.407425 
0.276263 -0.174164 0.14084 1.60107 -0.058964 -0.0115558 -0.407751 
0.275947 -0.172566 0.140797 1.60212 -0.058964 -0.0125359 -0.407751 
0.275514 -0.170944 0.140753 1.60338 -0.058964 -0.013271 -0.407588 
0.275036 -0.169492 0.140704 1.60464 -0.058964 -0.0136794 -0.407751 
0.274526 -0.168156 0.140644 1.60611 -0.058964 -0.0138428 -0.407751 
0.274024 -0.166843 0.140562 1.60758 -0.0588273 -0.0141992 -0.407915 
0.273568 -0.165615 0.14045 1.60925 -0.0588273 -0.0144443 -0.407751 
0.273143 -0.164333 0.140318 1.61072 -0.058964 -0.0144145 -0.407915 
0.272688 -0.16292 0.140174 1.6124 -0.0591006 -0.0143848 -0.408078 
0.272263 -0.16143 0.140047 1.61345 -0.0592372 -0.014355 -0.408241 
0.271753 -0.159707 0.13993 1.6145 -0.0595105 -0.0142139 -0.408405 
0.271228 -0.157978 0.13983 1.6168 -0.0597838 -0.0140727 -0.408895 
0.270618 -0.156186 0.139753 1.62162 -0.0600571 -0.0141766 -0.408895 
0.269939 -0.154317 0.13968 1.62561 -0.0606036 -0.0143027 -0.409058 
0.269189 -0.152294 0.139601 1.62896 -0.0615601 -0.0142579 -0.408895 
0.268502 -0.150278 0.139515 1.63169 -0.0625165 -0.0142131 -0.408731 
0.2679 -0.148231 0.139414 1.63337 -0.0636096 -0.0142202 -0.408568 
0.267421 -0.146069 0.139308 1.63442 -0.0645661 -0.0144204 -0.408241 
0.267089 -0.144084 0.139211 1.63525 -0.0651126 -0.0150365 -0.408731 
0.266904 -0.142169 0.139124 1.63567 -0.0657958 -0.0152146 -0.408895 
0.266865 -0.141204 0.139089 1.63588 -0.0660691 -0.0153184 -0.408895 
0.266803 -0.139335 0.139032 1.63756 -0.0663423 -0.0159941 -0.408731 
0.266788 -0.137628 0.13899 1.64134 -0.066479 -0.0168628 -0.408405 
0.266741 -0.136037 0.138955 1.64427 -0.0667522 -0.01713 -0.408405 
0.266726 -0.134547 0.138915 1.64637 -0.0667522 -0.0174568 -0.408405 
0.266726 -0.133265 0.138867 1.64826 -0.0667522 -0.0178652 -0.408568 
0.266734 -0.131991 0.138812 1.64972 -0.0668889 -0.0181621 -0.408731 
0.266749 -0.130678 0.138757 1.65098 -0.0670255 -0.0186225 -0.408568 
0.26678 -0.129334 0.138708 1.65224 -0.0668889 -0.0195507 -0.407915 
0.266826 -0.127859 0.138649 1.65329 -0.0668889 -0.0202041 -0.407588 
0.266934 -0.126384 0.138591 1.65392 -0.0668889 -0.0208575 -0.407915 
0.267127 -0.124754 0.138528 1.65455 -0.0668889 -0.0212659 -0.408078 
0.26739 -0.123071 0.138456 1.65497 -0.0668889 -0.0213476 -0.408241 
0.267684 -0.12131 0.138372 1.65538 -0.0668889 -0.021511 -0.408895 
0.268062 -0.119356 0.138274 1.65601 -0.0668889 -0.021511 -0.408895 
0.268487 -0.117433 0.138171 1.65853 -0.0668889 -0.021511 -0.408895 
0.269066 -0.115394 0.13807 1.66126 -0.0668889 -0.021511 -0.408895 
0.269722 -0.113464 0.137983 1.66356 -0.0668889 -0.021511 -0.408895 
0.270479 -0.111603 0.137908 1.66608 -0.0668889 -0.0215926 -0.408731 
0.271383 -0.109726 0.137846 1.66901 -0.0668889 -0.0218377 -0.408895 
0.272333 -0.108035 0.137803 1.67174 -0.0670255 -0.0217263 -0.408568 
0.273499 -0.106351 0.137769 1.67489 -0.0670255 -0.0218896 -0.408568 
0.274881 -0.104915 0.13775 1.67824 -0.0668889 -0.022001 -0.408568 
0.276626 -0.103594 0.137733 1.68306 -0.0666156 -0.0223055 -0.408731 
0.278858 -0.102312 0.137708 1.68894 -0.0662057 -0.0226398 -0.408731 
0.281229 -0.101192 0.137679 1.69229 -0.0656592 -0.0230855 -0.408731 
0.28377 -0.100173 0.137645 1.69355 -0.0652492 -0.0234197 -0.408731 
0.286558 -0.099223 0.13762 1.69355 -0.064976 -0.0236426 -0.408731 
0.289299 -0.0984584 0.13761 1.69334 -0.0645661 -0.0239768 -0.408731 
0.291979 -0.0978561 0.137605 1.6925 -0.0641562 -0.0243927 -0.408895 
0.294775 -0.0973309 0.137609 1.68998 -0.0640195 -0.0245042 -0.408895 
0.297285 -0.0969062 0.137611 1.68684 -0.0637462 -0.0248087 -0.408731 
0.299833 -0.0964969 0.13762 1.68369 -0.0631997 -0.0252543 -0.408731 
0.302088 -0.0961107 0.137636 1.68076 -0.0625165 -0.0258114 -0.408731 
0.304096 -0.0957478 0.137654 1.67677 -0.0621066 -0.026064 -0.408568 
0.305957 -0.0953693 0.137672 1.67321 -0.0615601 -0.0265097 -0.408568 
0.307386 -0.0949986 0.137681 1.67132 -0.0606036 -0.0272896 -0.408568 
0.308699 -0.0945353 0.137681 1.67006 -0.0593739 -0.0282107 -0.408731 
0.309703 -0.0940256 0.137681 1.66964 -0.0582808 -0.029102 -0.408731 
0.310529 -0.0933614 0.137677 1.66797 -0.0571877 -0.0299934 -0.408731 
0.311108 -0.0926278 0.137673 1.66713 -0.055958 -0.0309145 -0.408895 
0.311618 -0.0917397 0.137668 1.66692 -0.054455 -0.0321401 -0.408895 
0.312081 -0.0907975 0.137662 1.66671 -0.0530886 -0.0332542 -0.408895 
0.312614 -0.0898012 0.137657 1.66713 -0.0517222 -0.0343684 -0.408895 
0.313263 -0.0887818 0.137653 1.66776 -0.0506291 -0.0352598 -0.408895 
0.313966 -0.0878474 0.137651 1.66901 -0.0502192 -0.035594 -0.408895 
0.3148 -0.086967 0.137649 1.66985 -0.0496727 -0.0360397 -0.408895 
0.315688 -0.0862256 0.13765 1.67006 -0.0489895 -0.0365968 -0.408895 
0.316661 -0.0855306 0.13765 1.6709 -0.0481697 -0.0372653 -0.408895 
0.317789 -0.0848587 0.13765 1.6709 -0.0473499 -0.0378521 -0.408731 
0.31904 -0.0842254 0.137649 1.67111 -0.0466667 -0.0383275 -0.408568 
0.320414 -0.0836385 0.137651 1.67111 -0.0459835 -0.0388846 -0.408241 
0.322082 -0.0830439 0.137658 1.67132 -0.0447538 -0.0398057 -0.408078 
0.323874 -0.0825342 0.137668 1.67111 -0.0436607 -0.040452 -0.407915 
0.325936 -0.0820553 0.137685 1.67027 -0.0425676 -0.0409349 -0.408078 
0.328129 -0.081646 0.137714 1.6688 -0.0414745 -0.0414179 -0.408241 
0.330485 -0.0812753 0.137747 1.66692 -0.0402448 -0.0420123 -0.408405 
0.332701 -0.0809355 0.137777 1.66524 -0.039015 -0.0423616 -0.408731 
0.334802 -0.0806189 0.137803 1.66293 -0.0381952 -0.0424584 -0.408895 
0.336871 -0.0802946 0.137832 1.66063 -0.0373754 -0.0425551 -0.409058 
0.33874 -0.0800165 0.13786 1.65895 -0.0366922 -0.0424588 -0.409385 
0.340563 -0.0797694 0.137895 1.65769 -0.0358724 -0.0423922 -0.409548 
0.342525 -0.07953 0.13794 1.6558 -0.0347793 -0.0422217 -0.409385 
0.34437 -0.0793678 0.137988 1.65329 -0.0338229 -0.0416948 -0.409385 
0.346231 -0.079252 0.138047 1.65182 -0.0334129 -0.0405588 -0.409711 
0.348239 -0.0791979 0.138114 1.65077 -0.0332763 -0.0393633 -0.409711 
0.350077 -0.0792057 0.138182 1.64951 -0.0332763 -0.0383832 -0.409711 
0.351892 -0.0792211 0.138252 1.64805 -0.0332763 -0.0375664 -0.409385 
0.353668 -0.0792288 0.138318 1.64616 -0.0332763 -0.0366679 -0.409221 
0.355452 -0.079252 0.138386 1.64469 -0.0332763 -0.0364229 -0.409058 
0.357097 -0.0792983 0.138445 1.64301 -0.0332763 -0.0363412 -0.408895 
0.358781 -0.0793524 0.138503 1.64259 -0.0332763 -0.0361779 -0.408895 
0.36031 -0.0793987 0.13856 1.64155 -0.0331397 -0.0362076 -0.408731 
0.361777 -0.0794451 0.138612 1.64008 -0.0331397 -0.0362076 -0.408731 
0.363283 -0.0794837 0.138668 1.63924 -0.0327298 -0.0364602 -0.408568 
0.364627 -0.0794914 0.138716 1.6384 -0.0323198 -0.0367944 -0.408568 
0.366033 -0.0794837 0.138753 1.63798 -0.0319099 -0.0369653 -0.408568 
0.367322 -0.0794682 0.138787 1.63693 -0.0316367 -0.0370248 -0.408568 
0.368635 -0.0794605 0.138818 1.63651 -0.0315 -0.0370546 -0.408405 
0.369994 -0.0794605 0.138857 1.63609 -0.0313634 -0.0370026 -0.408405 
0.371477 -0.079476 0.138906 1.63588 -0.0312268 -0.0369507 -0.408405 
0.372906 -0.0795068 0.138963 1.63463 -0.0310901 -0.0370621 -0.408405 
0.374311 -0.0795841 0.139023 1.634 -0.0309535 -0.0370918 -0.408568 
0.375786 -0.0797385 0.139082 1.63232 -0.0309535 -0.0370918 -0.408568 
0.377091 -0.0799239 0.139133 1.63085 -0.0306802 -0.0373147 -0.408568 
0.378242 -0.0801401 0.139181 1.62917 -0.0306802 -0.0373147 -0.408568 
0.379308 -0.0803409 0.139221 1.62833 -0.0306802 -0.037233 -0.408405 
0.380157 -0.0804954 0.139251 1.62792 -0.0304069 -0.0374558 -0.408405 
0.380876 -0.080588 0.139277 1.62708 -0.0305436 -0.0371811 -0.408405 
0.381524 -0.0806189 0.139304 1.62582 -0.0302703 -0.0374039 -0.408405 
0.382088 -0.0805957 0.13933 1.62519 -0.0302703 -0.0372405 -0.408405 
0.382636 -0.0806112 0.13936 1.62393 -0.0301337 -0.0372703 -0.408568 
0.383223 -0.0806344 0.139391 1.62246 -0.0301337 -0.0371886 -0.408405 
0.383803 -0.0806807 0.139423 1.62141 -0.0301337 -0.0371069 -0.408568 
0.384451 -0.0807811 0.139457 1.621 -0.0301337 -0.0371069 -0.408568 
0.385216 -0.0809587 0.139497 1.62037 -0.0301337 -0.0371069 -0.408568 
0.38605 -0.0812213 0.139539 1.6189 -0.029997 -0.0371367 -0.408731 
0.387031 -0.0815688 0.139587 1.61785 -0.0298604 -0.0370847 -0.408731 
0.388011 -0.0819472 0.139626 1.61575 -0.0295871 -0.0368992 -0.408568 
0.388977 -0.0823334 0.139661 1.6145 -0.0294505 -0.0366839 -0.408568 
0.38995 -0.0827041 0.139694 1.61324 -0.0290406 -0.036528 -0.408568 
0.390745 -0.0829666 0.139716 1.61114 -0.0287673 -0.0363425 -0.408731 
0.391417 -0.0831597 0.139734 1.61009 -0.0283574 -0.0365951 -0.408568 
0.391935 -0.0832601 0.139745 1.60967 -0.0279475 -0.0369293 -0.408568 
0.392267 -0.083291 0.139751 1.60946 -0.0276742 -0.0370705 -0.408731 
0.392421 -0.0832987 0.139755 1.60946 -0.0275376 -0.0371819 -0.408731 
0.392475 -0.0833064 0.139755 1.60946 -0.0274009 -0.0372116 -0.408568 
0.392491 -0.0833219 0.139755 1.60946 -0.0274009 -0.0372116 -0.408568 
0.392491 -0.0833219 0.139755 1.60946 -0.0272643 -0.037323 -0.408568 
0.392491 -0.0833373 0.139757 1.60946 -0.0272643 -0.037323 -0.408568 
0.392498 -0.083345 0.139759 1.60925 -0.0272643 -0.037323 -0.408568 
0.392514 -0.0833605 0.139764 1.60925 -0.0272643 -0.037323 -0.408568 
0.392506 -0.0833759 0.139769 1.60925 -0.0271277 -0.0373528 -0.408405 
0.392521 -0.0833914 0.139775 1.60925 -0.0271277 -0.0372711 -0.408568 
0.392514 -0.0834068 0.139779 1.60925 -0.0271277 -0.0372711 -0.408568 
0.392521 -0.08343 0.139784 1.60925 -0.0271277 -0.0372711 -0.408568 
0.392514 -0.0834609 0.139789 1.60925 -0.0271277 -0.0372711 -0.408568 
0.392514 -0.0834918 0.139794 1.60925 -0.0271277 -0.0372711 -0.408568 
0.392491 -0.0835458 0.139797 1.60925 -0.0271277 -0.0372711 -0.408568 
0.392491 -0.0836153 0.139797 1.60925 -0.0271277 -0.0372711 -0.408568 
0.39246 -0.0836926 0.139794 1.60925 -0.0271277 -0.0372711 -0.408568 
0.392359 -0.083793 0.139789 1.60946 -0.0271277 -0.0372711 -0.408568 
0.392189 -0.0839088 0.13978 1.60883 -0.0271277 -0.0372711 -0.408568 
0.391873 -0.0840246 0.139767 1.6059 -0.0271277 -0.0372711 -0.408568 
0.391425 -0.0841096 0.139753 1.60296 -0.0271277 -0.0372711 -0.408568 
0.390907 -0.0841791 0.139738 1.60149 -0.026991 -0.0373825 -0.408568 
0.390243 -0.0842254 0.139723 1.60087 -0.026991 -0.0373825 -0.408568 
0.389548 -0.0842795 0.139703 1.60024 -0.026991 -0.0373825 -0.408568 
0.388737 -0.0843799 0.139684 1.59898 -0.026991 -0.0373825 -0.408568 
0.387896 -0.0845498 0.139667 1.59688 -0.0271277 -0.0372711 -0.408568 
0.38693 -0.0848201 0.139652 1.59457 -0.0271277 -0.0372711 -0.408568 
0.385733 -0.0852139 0.139637 1.59416 -0.0274009 -0.0370483 -0.408568 
0.38415 -0.0857391 0.139623 1.59416 -0.0276742 -0.0368254 -0.408568 
0.382235 -0.0863183 0.139606 1.59499 -0.0280841 -0.0364912 -0.408568 
0.379864 -0.0869747 0.139584 1.59772 -0.028494 -0.0361569 -0.408568 
0.3773 -0.0876389 0.139559 1.60212 -0.0289039 -0.0358227 -0.408568 
0.374612 -0.0883185 0.139528 1.60569 -0.0295871 -0.0352656 -0.408568 
0.371686 -0.0890521 0.139491 1.60883 -0.0304069 -0.0345971 -0.408568 
0.368844 -0.089724 0.139451 1.60988 -0.0317733 -0.0334829 -0.408568 
0.367291 -0.0900715 0.139422 1.61051 -0.0323198 -0.0330372 -0.408568 
0.364364 -0.0907125 0.139364 1.61135 -0.0334129 -0.0321459 -0.408568 
0.361376 -0.0913303 0.139299 1.61429 -0.034506 -0.0312545 -0.408568 
0.353444 -0.0928903 0.139164 1.62687 -0.0381952 -0.0280829 -0.408568 
0.34756 -0.0940565 0.139133 1.62875 -0.042021 -0.0249632 -0.408568 
0.34756 -0.0940565 0.139133 1.62875 -0.042021 -0.0249632 -0.408568 
0.34756 -0.0940565 0.139133 1.62875 -0.042021 -0.0249632 -0.408568 
0.346131 -0.0943654 0.139133 1.62896 -0.0428409 -0.0242947 -0.408568 
0.343451 -0.0949755 0.13913 1.63106 -0.0446171 -0.0230096 -0.408568 
0.340864 -0.0956628 0.139134 1.63421 -0.0472132 -0.0208927 -0.408568 
0.338509 -0.0964042 0.139136 1.63672 -0.0493994 -0.0192733 -0.408568 
0.336184 -0.0972382 0.139137 1.63903 -0.0517222 -0.017706 -0.408568 
0.334091 -0.0981264 0.139139 1.63966 -0.0536351 -0.0167995 -0.408568 
0.332083 -0.0991149 0.139141 1.63987 -0.0548649 -0.0161235 -0.408568 
0.330052 -0.10025 0.139142 1.63924 -0.055958 -0.0156405 -0.408405 
0.328237 -0.101385 0.139142 1.63924 -0.0569144 -0.0153507 -0.408405 
0.326345 -0.102683 0.139139 1.64008 -0.0580075 -0.0151944 -0.408241 
0.324654 -0.104011 0.139137 1.64113 -0.0595105 -0.014949 -0.408241 
0.323032 -0.105455 0.139137 1.64113 -0.060467 -0.0147408 -0.408405 
0.321449 -0.107015 0.139136 1.64175 -0.0614234 -0.0142876 -0.408405 
0.31999 -0.108552 0.139137 1.64322 -0.06197 -0.014087 -0.408568 
0.318538 -0.110174 0.139138 1.64343 -0.0626532 -0.0137749 -0.408405 
0.317233 -0.111734 0.139137 1.64343 -0.0633363 -0.0132995 -0.408568 
0.315997 -0.113332 0.139136 1.64343 -0.0640195 -0.0129058 -0.408568 
0.314808 -0.115016 0.139134 1.64238 -0.0644294 -0.0126532 -0.408731 
0.313827 -0.116599 0.139132 1.64134 -0.0648393 -0.012564 -0.408568 
0.312939 -0.118236 0.13913 1.63966 -0.0652492 -0.0122297 -0.408568 
0.312205 -0.119858 0.139134 1.63777 -0.0653859 -0.0122817 -0.408241 
0.311541 -0.121511 0.139139 1.63567 -0.0657958 -0.0119474 -0.408241 
0.311047 -0.12304 0.139143 1.634 -0.0659324 -0.011836 -0.408241 
0.310668 -0.124538 0.139156 1.63253 -0.0663423 -0.0115017 -0.408241 
0.310429 -0.126114 0.139174 1.63127 -0.0667522 -0.0111675 -0.408241 
0.310336 -0.127612 0.139195 1.63043 -0.0671622 -0.0108332 -0.408241 
0.310344 -0.129118 0.139216 1.63001 -0.0677087 -0.0103059 -0.408405 
0.310359 -0.130662 0.139238 1.62959 -0.0681186 -0.00997164 -0.408405 
0.310367 -0.13216 0.139257 1.62917 -0.0686652 -0.00960764 -0.408568 
0.310382 -0.133883 0.139276 1.62896 -0.0690751 -0.00927339 -0.408568 
0.310421 -0.135667 0.139292 1.62896 -0.0698949 -0.00860488 -0.408568 
0.310475 -0.137651 0.139313 1.62896 -0.0705781 -0.00804779 -0.408568 
0.310529 -0.139891 0.139338 1.62896 -0.0716712 -0.00707477 -0.408731 
0.31056 -0.142115 0.139369 1.62896 -0.0726276 -0.00613149 -0.408731 
0.310591 -0.14447 0.139408 1.62917 -0.0738573 -0.00480201 -0.409058 
0.310661 -0.146872 0.139456 1.63064 -0.0746772 -0.00397015 -0.409058 
0.31073 -0.149266 0.13951 1.63232 -0.075497 -0.00289325 -0.408895 
0.310807 -0.151444 0.13957 1.63379 -0.0760435 -0.0019575 -0.408895 
0.310877 -0.153467 0.139629 1.63525 -0.0764534 -0.00129653 -0.408895 
0.310993 -0.155491 0.139689 1.63672 -0.0768633 -0.00022717 -0.409058 
0.311147 -0.157437 0.139749 1.63819 -0.077 0.000537678 -0.409058 
0.31134 -0.159538 0.13981 1.64008 -0.0771366 0.00097581 -0.409058 
0.311564 -0.161615 0.139871 1.64175 -0.0771366 0.00105749 -0.408895 
0.31185 -0.163808 0.139939 1.64364 -0.0771366 0.00146588 -0.408731 
0.312228 -0.166233 0.140021 1.64805 -0.077 0.00168118 -0.408731 
0.312699 -0.168643 0.140097 1.65119 -0.0765901 0.00167364 -0.408731 
0.313248 -0.171122 0.140173 1.65224 -0.0759069 0.00201502 -0.408895 
0.313912 -0.173678 0.140245 1.65224 -0.0745405 0.00171763 -0.409221 
0.314707 -0.176288 0.140306 1.65224 -0.0733108 0.00202172 -0.409221 
0.315588 -0.178705 0.14035 1.65098 -0.0719444 0.00237776 -0.409548 
0.316707 -0.181161 0.140393 1.64888 -0.0704414 0.00278574 -0.409221 
0.318098 -0.183408 0.140434 1.64637 -0.0689384 0.00335708 -0.408568 
0.319835 -0.185563 0.14048 1.64259 -0.0678453 0.00393595 -0.408241 
0.322044 -0.18778 0.140532 1.63777 -0.0674354 0.00466352 -0.408078 
0.324337 -0.189903 0.140585 1.63295 -0.0672988 0.00520553 -0.408405 
0.32677 -0.192027 0.140642 1.62792 -0.0671622 0.00599258 -0.408568 
0.329288 -0.194143 0.140696 1.62267 -0.0666156 0.00693545 -0.408405 
0.331666 -0.196066 0.140756 1.61806 -0.066479 0.0077225 -0.408241 
0.333952 -0.197912 0.140817 1.61345 -0.066479 0.00821257 -0.408241 
0.336254 -0.199788 0.140878 1.60904 -0.0662057 0.00896988 -0.407915 
0.33837 -0.201511 0.140937 1.60527 -0.0659324 0.00972719 -0.407588 
0.340532 -0.20321 0.140997 1.6017 -0.0657958 0.0102692 -0.407588 
0.342779 -0.204978 0.141062 1.59835 -0.0653859 0.0105884 -0.407915 
0.344957 -0.206638 0.141119 1.5952 -0.0651126 0.011019 -0.407915 
0.347073 -0.208198 0.141175 1.59353 -0.064976 0.0112343 -0.407915 
0.349174 -0.209658 0.141212 1.59164 -0.0644294 0.0111153 -0.408241 
0.350942 -0.210793 0.14122 1.59059 -0.0636096 0.0104468 -0.408241 
0.352178 -0.211442 0.141223 1.59017 -0.0630631 0.0100011 -0.408241 
0.35285 -0.211735 0.141232 1.59017 -0.0627898 0.00994165 -0.407915 
0.353128 -0.211836 0.141237 1.59017 -0.0626532 0.00991191 -0.408078 
0.353174 -0.211844 0.141241 1.58996 -0.0626532 0.00991191 -0.408078 
0.353159 -0.211844 0.141243 1.58996 -0.0626532 0.00999359 -0.408241 
0.35241 -0.211867 0.14156 1.59583 -0.0626532 0.0103203 -0.408895 
0.35241 -0.211867 0.14156 1.59583 -0.0626532 0.0103203 -0.408895 
0.35241 -0.211867 0.14156 1.59583 -0.0626532 0.0103203 -0.408895 
0.35241 -0.211867 0.14156 1.59583 -0.0626532 0.0103203 -0.408895 
0.35241 -0.211867 0.14156 1.59583 -0.0626532 0.0103203 -0.408895 
0.35241 -0.211867 0.14156 1.59583 -0.0626532 0.0103203 -0.408895 
0.35241 -0.211867 0.14156 1.59583 -0.0626532 0.0103203 -0.408895 
0.35241 -0.211867 0.14156 1.59583 -0.0626532 0.0103203 -0.408895 
0.35241 -0.211867 0.14156 1.59583 -0.0626532 0.0103203 -0.408895 
0.35241 -0.211867 0.14156 1.59583 -0.0626532 0.0103203 -0.408895 
0.35241 -0.211867 0.14156 1.59583 -0.0626532 0.0103203 -0.408895 
0.35241 -0.211867 0.14156 1.59583 -0.0626532 0.0103203 -0.408895 
0.35241 -0.211867 0.14156 1.59583 -0.0626532 0.0103203 -0.408895 
0.35241 -0.211867 0.14156 1.59583 -0.0626532 0.0103203 -0.408895 
0.352186 -0.211836 0.141579 1.59583 -0.0626532 0.010402 -0.408731 
0.351653 -0.21172 0.141601 1.59583 -0.0626532 0.010402 -0.408731 
0.351081 -0.21155 0.141605 1.59583 -0.0626532 0.010402 -0.408731 
0.350502 -0.211318 0.141601 1.59583 -0.0626532 0.0104837 -0.408895 
0.349931 -0.211064 0.141597 1.59583 -0.0626532 0.0104837 -0.408895 
0.349483 -0.210801 0.141595 1.59583 -0.0626532 0.0104837 -0.408895 
0.349127 -0.2105 0.141593 1.59604 -0.0626532 0.0104837 -0.408895 
0.348911 -0.210191 0.141592 1.59604 -0.0626532 0.0104837 -0.408895 
0.34878 -0.209813 0.141589 1.59583 -0.0626532 0.0104837 -0.408895 
0.348718 -0.209403 0.141589 1.59583 -0.0626532 0.0104837 -0.408895 
0.348672 -0.208909 0.141589 1.59625 -0.0626532 0.010402 -0.408731 
0.34861 -0.208307 0.141587 1.59709 -0.0626532 0.0103203 -0.408895 
0.348494 -0.20765 0.141588 1.59793 -0.0623799 0.0100158 -0.408731 
0.348347 -0.206901 0.141587 1.5994 -0.0623799 0.00985243 -0.408405 
0.348147 -0.206028 0.141584 1.60087 -0.0621066 0.00946624 -0.408405 
0.347938 -0.205055 0.141578 1.60233 -0.0618333 0.00908005 -0.408405 
0.347722 -0.203943 0.141564 1.6038 -0.0615601 0.00869385 -0.408405 
0.347544 -0.202823 0.14154 1.60548 -0.0611502 0.00827792 -0.408568 
0.34739 -0.201634 0.141512 1.60758 -0.0607402 0.00778031 -0.408568 
0.347235 -0.200329 0.14149 1.60967 -0.060467 0.00739412 -0.408568 
0.347096 -0.199078 0.141481 1.61177 -0.0600571 0.00697819 -0.408731 
0.34688 -0.197742 0.141477 1.61366 -0.0597838 0.00667367 -0.408568 
0.346587 -0.196483 0.141478 1.61491 -0.0595105 0.00628748 -0.408568 
0.346185 -0.195201 0.141478 1.61554 -0.0592372 0.00590128 -0.408568 
0.345675 -0.193811 0.141477 1.61596 -0.0588273 0.00524032 -0.408568 
0.345112 -0.192452 0.141466 1.61638 -0.0585541 0.00469076 -0.408568 
0.344447 -0.191008 0.141444 1.6168 -0.0581441 0.00386644 -0.408568 
0.34376 -0.189618 0.141411 1.61743 -0.0575976 0.00293069 -0.408568 
0.342996 -0.188227 0.141369 1.61848 -0.0569144 0.00139346 -0.408568 
0.342138 -0.186776 0.141325 1.61911 -0.0562312 0.000101262 -0.408731 
0.341297 -0.185424 0.14128 1.61953 -0.0558213 -0.000641386 -0.408568 
0.340439 -0.184111 0.141226 1.61953 -0.0555481 -0.00143597 -0.408405 
0.339721 -0.183015 0.141168 1.61974 -0.0555481 -0.00192605 -0.408405 
0.339103 -0.182057 0.141098 1.61974 -0.0554114 -0.00220082 -0.408405 
0.33874 -0.181377 0.141011 1.61932 -0.0554114 -0.00236418 -0.408405 
0.338648 -0.180922 0.140921 1.61953 -0.0556847 -0.00238638 -0.408568 
0.338702 -0.180659 0.140822 1.61953 -0.055958 -0.0023269 -0.408568 
0.338833 -0.180559 0.140718 1.61953 -0.0569144 -0.00154697 -0.408568 
0.33898 -0.180536 0.140604 1.61953 -0.0578709 -0.000767049 -0.408568 
0.339127 -0.180505 0.140499 1.61953 -0.0585541 -0.00020996 -0.408568 
0.339327 -0.180428 0.14039 1.61953 -0.0595105 0.000569965 -0.408568 
0.33952 -0.180327 0.140293 1.61953 -0.0603303 0.00123847 -0.408568 
0.339698 -0.180165 0.140217 1.61953 -0.0610135 0.00179556 -0.408568 
0.339806 -0.179964 0.140151 1.61953 -0.0615601 0.00224123 -0.408568 
0.339883 -0.179763 0.140099 1.61953 -0.0623799 0.00290974 -0.408568 
0.339937 -0.179532 0.140047 1.61953 -0.0627898 0.003244 -0.408568 
0.339953 -0.179176 0.139987 1.61932 -0.0629264 0.00335541 -0.408568 
0.339937 -0.178605 0.139919 1.61932 -0.0633363 0.00368967 -0.408568 
0.339922 -0.177848 0.139862 1.61953 -0.063473 0.00380108 -0.408568 
0.339899 -0.177331 0.139837 1.61974 -0.063473 0.00380108 -0.408568 
0.339883 -0.176141 0.139806 1.62016 -0.063473 0.00339269 -0.408405 
0.339814 -0.174682 0.139788 1.62058 -0.063473 0.00265758 -0.408241 
0.339713 -0.173184 0.139779 1.62121 -0.0637462 0.00181859 -0.408078 
0.339574 -0.171577 0.139772 1.62183 -0.0637462 0.00083845 -0.408078 
0.339412 -0.170064 0.139764 1.62183 -0.0638829 0.000459795 -0.408078 
0.339266 -0.168565 0.13975 1.62183 -0.0640195 -0.000245574 -0.408078 
0.339134 -0.167214 0.139731 1.62183 -0.0641562 -0.00127766 -0.408078 
0.339034 -0.16594 0.139707 1.62183 -0.0642928 -0.0024731 -0.408405 
0.338918 -0.164635 0.139685 1.62183 -0.0645661 -0.00331209 -0.408895 
0.338802 -0.163391 0.139668 1.62183 -0.0647027 -0.00450753 -0.408895 
0.338655 -0.162086 0.139654 1.62183 -0.0647027 -0.00605943 -0.409058 
0.338439 -0.160588 0.139641 1.62183 -0.0647027 -0.00761132 -0.408895 
0.338123 -0.159066 0.139635 1.62183 -0.0648393 -0.00856173 -0.408405 
0.337698 -0.157491 0.139628 1.62162 -0.0648393 -0.00929684 -0.407915 
0.337134 -0.155753 0.13962 1.62141 -0.0648393 -0.0103587 -0.408078 
0.33657 -0.154124 0.139611 1.62393 -0.0648393 -0.0116655 -0.408405 
0.335945 -0.152533 0.1396 1.62582 -0.0648393 -0.0130541 -0.408241 
0.335296 -0.150888 0.139587 1.62729 -0.0648393 -0.0141159 -0.408078 
0.334686 -0.149428 0.139574 1.62833 -0.0647027 -0.0149624 -0.407915 
0.33406 -0.148069 0.139559 1.62875 -0.0648393 -0.0151777 -0.408241 
0.333443 -0.14678 0.13954 1.62917 -0.0648393 -0.0156678 -0.408568 
0.332902 -0.145637 0.139523 1.62917 -0.0648393 -0.0160762 -0.408405 
0.332439 -0.14447 0.139505 1.62917 -0.064976 -0.0164548 -0.408078 
0.332083 -0.143358 0.139484 1.62917 -0.0651126 -0.0169152 -0.407588 
0.331805 -0.142177 0.139464 1.62917 -0.0651126 -0.0175686 -0.407261 
0.331628 -0.140995 0.13943 1.62917 -0.0652492 -0.0177022 -0.407425 
0.331466 -0.139659 0.139386 1.62938 -0.0652492 -0.0177839 -0.407588 
0.331381 -0.138292 0.139333 1.62938 -0.0652492 -0.0179472 -0.407915 
0.331303 -0.136856 0.139273 1.62959 -0.0652492 -0.0181106 -0.408241 
0.331188 -0.135265 0.139203 1.62959 -0.0652492 -0.0181923 -0.408405 
0.331072 -0.133759 0.139143 1.62959 -0.0652492 -0.018274 -0.408568 
0.33091 -0.132184 0.13909 1.63085 -0.0652492 -0.0184373 -0.408568 
0.330755 -0.130701 0.139047 1.63442 -0.0652492 -0.0186824 -0.408405 
0.33057 -0.129218 0.139016 1.63882 -0.0652492 -0.0191724 -0.407751 
0.330392 -0.127874 0.139001 1.64238 -0.0652492 -0.0198259 -0.407425 
0.330238 -0.126554 0.138992 1.64532 -0.0653859 -0.0202862 -0.407588 
0.330106 -0.125334 0.138984 1.64721 -0.0653859 -0.0207763 -0.407915 
0.330029 -0.124106 0.138977 1.64867 -0.0653859 -0.0212663 -0.408241 
0.329921 -0.122955 0.13897 1.6493 -0.0653859 -0.0220831 -0.408241 
0.329813 -0.121781 0.138959 1.64993 -0.0653859 -0.0231449 -0.407425 
0.329697 -0.120646 0.138946 1.64993 -0.0652492 -0.0235831 -0.407425 
0.329604 -0.119565 0.138933 1.65014 -0.0652492 -0.0237464 -0.407751 
0.329512 -0.118476 0.138922 1.65014 -0.064976 -0.0242143 -0.408241 
0.329419 -0.117464 0.13891 1.65014 -0.064976 -0.0244593 -0.408731 
0.329319 -0.116375 0.138896 1.64972 -0.0648393 -0.0250608 -0.409058 
0.329249 -0.115279 0.138882 1.64993 -0.0648393 -0.0255509 -0.408731 
0.32911 -0.114066 0.138867 1.64951 -0.0648393 -0.0257143 -0.408731 
0.328994 -0.112668 0.138849 1.64972 -0.0648393 -0.0264494 -0.408241 
0.328878 -0.111209 0.138827 1.64951 -0.0648393 -0.0275929 -0.407915 
0.328755 -0.109626 0.138802 1.64951 -0.0648393 -0.0282463 -0.408241 
0.328639 -0.108081 0.138775 1.64951 -0.0648393 -0.0288181 -0.408405 
0.328515 -0.10656 0.138753 1.64951 -0.0645661 -0.029531 -0.408731 
0.328369 -0.10503 0.138735 1.64972 -0.0647027 -0.0296646 -0.408895 
0.328222 -0.103671 0.138721 1.65161 -0.0645661 -0.0303478 -0.408731 
0.328098 -0.102382 0.138704 1.65622 -0.0644294 -0.0311943 -0.408568 
0.327983 -0.101223 0.138687 1.66063 -0.0644294 -0.0316027 -0.408731 
0.327921 -0.100134 0.138664 1.6644 -0.0644294 -0.0320111 -0.408568 
0.327867 -0.0990762 0.138635 1.66734 -0.0641562 -0.032969 -0.408078 
0.327805 -0.0981418 0.138602 1.66901 -0.0641562 -0.033214 -0.407915 
0.327805 -0.0972073 0.138564 1.67048 -0.0642928 -0.0336744 -0.408078 
0.32782 -0.0961957 0.138528 1.67132 -0.0640195 -0.034469 -0.408241 
0.327805 -0.0951377 0.138482 1.67195 -0.0640195 -0.0346323 -0.408568 
0.327813 -0.0939175 0.138434 1.67195 -0.0640195 -0.0351224 -0.408895 
0.32772 -0.0867122 0.138244 1.6709 -0.0640195 -0.0360209 -0.408405 
0.32772 -0.0867122 0.138244 1.6709 -0.0640195 -0.0360209 -0.408405 
0.32772 -0.0867122 0.138244 1.6709 -0.0640195 -0.0360209 -0.408405 
0.32772 -0.0867122 0.138244 1.6709 -0.0640195 -0.0360209 -0.408405 
0.32772 -0.0867122 0.138244 1.6709 -0.0640195 -0.0360209 -0.408405 
0.327697 -0.0860017 0.138232 1.67069 -0.0640195 -0.0361842 -0.408405 
0.327643 -0.084573 0.138215 1.66985 -0.0640195 -0.0364293 -0.408568 
0.327581 -0.0832524 0.138202 1.66922 -0.0640195 -0.036756 -0.408241 
0.327512 -0.081955 0.138191 1.66839 -0.0640195 -0.0371644 -0.408405 
0.327365 -0.0807039 0.138179 1.66755 -0.0640195 -0.0373277 -0.408731 
0.327226 -0.0796304 0.13817 1.66713 -0.0640195 -0.0375728 -0.408895 
0.327087 -0.0786419 0.138161 1.66713 -0.0640195 -0.0379812 -0.408731 
0.326986 -0.077831 0.138154 1.66755 -0.0640195 -0.0383079 -0.408731 
0.326909 -0.0771669 0.138149 1.66776 -0.0640195 -0.0386346 -0.408405 
0.326901 -0.0766263 0.138145 1.66776 -0.0640195 -0.0386346 -0.408405 
0.326909 -0.0760934 0.138139 1.66818 -0.0640195 -0.0387163 -0.408568 
0.326909 -0.0755837 0.138127 1.6686 -0.0640195 -0.0387979 -0.408405 
0.326917 -0.0750431 0.13811 1.66901 -0.0640195 -0.0388796 -0.408568 
0.326932 -0.0744639 0.138088 1.66943 -0.0640195 -0.0388796 -0.408568 
0.32694 -0.0738924 0.138064 1.67006 -0.0640195 -0.0389613 -0.408731 
0.326948 -0.0732823 0.138038 1.67048 -0.0640195 -0.0391247 -0.408731 
0.326979 -0.0726877 0.138013 1.6709 -0.0640195 -0.0391247 -0.408731 
0.327002 -0.0720853 0.13799 1.67132 -0.0640195 -0.0391247 -0.408731 
0.327017 -0.0714598 0.13797 1.67153 -0.0640195 -0.0392063 -0.408568 
0.327025 -0.0708651 0.137951 1.67174 -0.0640195 -0.0392063 -0.408568 
0.32704 -0.0702627 0.137935 1.67216 -0.0640195 -0.0392063 -0.408568 
0.327025 -0.0696526 0.137921 1.67216 -0.0640195 -0.039288 -0.408731 
0.327025 -0.0690271 0.137909 1.67216 -0.0640195 -0.0393697 -0.408568 
0.327025 -0.0684479 0.137902 1.67216 -0.0640195 -0.0393697 -0.408568 
0.327025 -0.0678687 0.137898 1.67216 -0.0640195 -0.0393697 -0.408568 
0.327048 -0.0674208 0.137895 1.67216 -0.0640195 -0.0393697 -0.408568 
0.327125 -0.067081 0.137899 1.67216 -0.0640195 -0.0393697 -0.408568 
0.327295 -0.066857 0.137904 1.67258 -0.0640195 -0.0393697 -0.408568 
0.327573 -0.066718 0.137914 1.67342 -0.0640195 -0.0393697 -0.408568 
0.327967 -0.066633 0.13793 1.67468 -0.0640195 -0.0393697 -0.408568 
0.328492 -0.066579 0.137952 1.67635 -0.0641562 -0.03934 -0.408405 
0.329095 -0.0665327 0.137979 1.67824 -0.0641562 -0.03934 -0.408405 
0.329898 -0.0664786 0.138017 1.68034 -0.0637462 -0.0396742 -0.408405 
0.330817 -0.0664554 0.138066 1.6839 -0.0630631 -0.0402313 -0.408405 
0.331929 -0.06644 0.138119 1.68914 -0.0622432 -0.0408181 -0.408568 
0.333265 -0.0664477 0.138178 1.69187 -0.0614234 -0.0415683 -0.408731 
0.334725 -0.0664631 0.138231 1.69313 -0.0608769 -0.042014 -0.408731 
0.336547 -0.0664863 0.138305 1.69313 -0.0606036 -0.0421551 -0.408895 
0.338601 -0.0665172 0.138393 1.69313 -0.0601937 -0.041836 -0.409875 
0.341057 -0.0666176 0.138508 1.69145 -0.0591006 -0.0418288 -0.411671 
0.343652 -0.0668029 0.138624 1.68894 -0.0578709 -0.0427499 -0.411508 
0.34661 -0.0671196 0.138756 1.68495 -0.0562312 -0.0437602 -0.411181 
0.349537 -0.0675289 0.138883 1.68055 -0.0543183 -0.045075 -0.410691 
0.352471 -0.0680463 0.13901 1.67551 -0.0524054 -0.0463899 -0.410201 
0.355483 -0.0687336 0.139151 1.67006 -0.0498093 -0.0482618 -0.410038 
0.35831 -0.0695214 0.13929 1.6644 -0.0470766 -0.05 -0.409711 
0.361214 -0.0704326 0.139439 1.65832 -0.0442072 -0.0520131 -0.409711 
0.363878 -0.0713285 0.13958 1.65245 -0.0416111 -0.0535583 -0.409221 
0.366473 -0.0722475 0.139724 1.64742 -0.0396982 -0.0547914 -0.409221 
0.369114 -0.0731974 0.139867 1.64217 -0.0380586 -0.05572 -0.409058 
0.371392 -0.0740546 0.139985 1.63777 -0.0366922 -0.0563442 -0.409058 
0.373647 -0.0749273 0.140096 1.63421 -0.0353259 -0.0568866 -0.409221 
0.375562 -0.0757382 0.140182 1.63127 -0.034506 -0.05682 -0.409058 
0.3773 -0.0764873 0.140257 1.62875 -0.0339595 -0.0567756 -0.408731 
0.378937 -0.0771977 0.140327 1.62708 -0.0338229 -0.0563152 -0.408568 
0.380335 -0.0778078 0.140387 1.62582 -0.0335496 -0.0558847 -0.408568 
0.381725 -0.0784102 0.140451 1.62477 -0.0334129 -0.0553426 -0.408568 
0.382976 -0.0789122 0.14052 1.62309 -0.0332763 -0.0546373 -0.408568 
0.384165 -0.0793756 0.140587 1.62183 -0.033003 -0.05388 -0.408568 
0.385471 -0.0798775 0.140668 1.62079 -0.0327298 -0.053531 -0.408405 
0.386706 -0.0803641 0.140749 1.61953 -0.0325931 -0.0528257 -0.408405 
0.387988 -0.0808738 0.140843 1.61785 -0.0323198 -0.0526401 -0.408241 
0.389347 -0.0814298 0.140953 1.61638 -0.0320466 -0.0526179 -0.408078 
0.390683 -0.0820013 0.141055 1.61408 -0.0317733 -0.0523507 -0.408078 
0.392097 -0.0826423 0.141173 1.61219 -0.0312268 -0.0524696 -0.408078 
0.393464 -0.0832755 0.141278 1.61051 -0.0308168 -0.0525589 -0.408241 
0.394869 -0.083932 0.141389 1.60946 -0.029997 -0.053064 -0.408241 
0.396391 -0.0846579 0.141501 1.6082 -0.0293138 -0.0534577 -0.408241 
0.397804 -0.085353 0.141611 1.60674 -0.0287673 -0.0537401 -0.408241 
0.39924 -0.0860866 0.141714 1.60464 -0.0279475 -0.0541635 -0.408405 
0.400499 -0.0867353 0.141799 1.60296 -0.0272643 -0.0544756 -0.408568 
0.401619 -0.0873377 0.141872 1.6017 -0.0265811 -0.0548693 -0.408568 
0.402152 -0.0876312 0.141907 1.60149 -0.0261712 -0.0551219 -0.408405 
0.403094 -0.0881717 0.141982 1.60066 -0.0256247 -0.0553225 -0.408568 
0.403905 -0.088666 0.142054 1.59919 -0.0250781 -0.0553598 -0.408731 
0.404592 -0.0891216 0.142125 1.59877 -0.0245316 -0.0556421 -0.408731 
0.40521 -0.0895696 0.142205 1.59814 -0.023985 -0.0557611 -0.408731 
0.405797 -0.0900252 0.142289 1.59646 -0.0234385 -0.0559617 -0.408568 
0.406337 -0.0904886 0.14238 1.59583 -0.0228919 -0.056244 -0.408568 
0.406832 -0.0910137 0.142468 1.59436 -0.022482 -0.0564149 -0.408568 
0.407334 -0.0915698 0.142541 1.59332 -0.0219355 -0.0568606 -0.408568 
0.407774 -0.0920949 0.142607 1.5929 -0.0215256 -0.0571948 -0.408568 
0.40823 -0.092566 0.142665 1.59122 -0.93587